T	Real part of <m>	<|m|^2>	<|m|^4>
0.000000e+00		1.000100e+00		1.000100e+00		1.000100e+00
2.002002e-03		1.000100e+00		1.000100e+00		1.000100e+00
4.004004e-03		1.000100e+00		1.000100e+00		1.000100e+00
6.006006e-03		1.000100e+00		1.000100e+00		1.000100e+00
8.008008e-03		1.000100e+00		1.000100e+00		1.000100e+00
1.001001e-02		1.000100e+00		1.000100e+00		1.000100e+00
1.201201e-02		1.000100e+00		1.000100e+00		1.000100e+00
1.401401e-02		1.000100e+00		1.000100e+00		1.000100e+00
1.601602e-02		1.000100e+00		1.000100e+00		1.000100e+00
1.801802e-02		1.000100e+00		1.000100e+00		1.000100e+00
2.002002e-02		1.000100e+00		1.000100e+00		1.000100e+00
2.202202e-02		1.000100e+00		1.000100e+00		1.000100e+00
2.402402e-02		1.000100e+00		1.000100e+00		1.000100e+00
2.602603e-02		1.000100e+00		1.000100e+00		1.000100e+00
2.802803e-02		1.000100e+00		1.000100e+00		1.000100e+00
3.003003e-02		1.000100e+00		1.000100e+00		1.000100e+00
3.203203e-02		1.000100e+00		1.000100e+00		1.000100e+00
3.403403e-02		1.000100e+00		1.000100e+00		1.000100e+00
3.603604e-02		1.000100e+00		1.000100e+00		1.000100e+00
3.803804e-02		1.000100e+00		1.000100e+00		1.000100e+00
4.004004e-02		1.000100e+00		1.000100e+00		1.000100e+00
4.204204e-02		1.000100e+00		1.000100e+00		1.000100e+00
4.404404e-02		1.000100e+00		1.000100e+00		1.000100e+00
4.604605e-02		1.000100e+00		1.000100e+00		1.000100e+00
4.804805e-02		1.000100e+00		1.000100e+00		1.000100e+00
5.005005e-02		1.000100e+00		1.000100e+00		1.000100e+00
5.205205e-02		1.000100e+00		1.000100e+00		1.000100e+00
5.405405e-02		1.000100e+00		1.000100e+00		1.000100e+00
5.605606e-02		1.000100e+00		1.000100e+00		1.000100e+00
5.805806e-02		1.000100e+00		1.000100e+00		1.000100e+00
6.006006e-02		1.000100e+00		1.000100e+00		1.000100e+00
6.206206e-02		1.000100e+00		1.000100e+00		1.000100e+00
6.406406e-02		1.000100e+00		1.000100e+00		1.000100e+00
6.606607e-02		1.000100e+00		1.000100e+00		1.000100e+00
6.806807e-02		1.000100e+00		1.000100e+00		1.000100e+00
7.007007e-02		1.000100e+00		1.000100e+00		1.000100e+00
7.207207e-02		1.000100e+00		1.000100e+00		1.000100e+00
7.407407e-02		1.000100e+00		1.000100e+00		1.000100e+00
7.607608e-02		1.000100e+00		1.000100e+00		1.000100e+00
7.807808e-02		1.000100e+00		1.000100e+00		1.000100e+00
8.008008e-02		1.000100e+00		1.000100e+00		1.000100e+00
8.208208e-02		1.000100e+00		1.000100e+00		1.000100e+00
8.408408e-02		1.000100e+00		1.000100e+00		1.000100e+00
8.608609e-02		1.000100e+00		1.000100e+00		1.000100e+00
8.808809e-02		1.000100e+00		1.000100e+00		1.000100e+00
9.009009e-02		1.000100e+00		1.000100e+00		1.000100e+00
9.209209e-02		1.000100e+00		1.000100e+00		1.000100e+00
9.409409e-02		1.000100e+00		1.000100e+00		1.000100e+00
9.609610e-02		1.000100e+00		1.000100e+00		1.000100e+00
9.809810e-02		1.000100e+00		1.000100e+00		1.000100e+00
1.001001e-01		1.000100e+00		1.000100e+00		1.000100e+00
1.021021e-01		1.000100e+00		1.000100e+00		1.000100e+00
1.041041e-01		1.000100e+00		1.000100e+00		1.000100e+00
1.061061e-01		1.000100e+00		1.000100e+00		1.000100e+00
1.081081e-01		1.000100e+00		1.000100e+00		1.000100e+00
1.101101e-01		1.000100e+00		1.000100e+00		1.000100e+00
1.121121e-01		1.000100e+00		1.000100e+00		1.000100e+00
1.141141e-01		1.000100e+00		1.000100e+00		1.000100e+00
1.161161e-01		1.000100e+00		1.000100e+00		1.000100e+00
1.181181e-01		1.000100e+00		1.000100e+00		1.000100e+00
1.201201e-01		1.000100e+00		1.000100e+00		1.000100e+00
1.221221e-01		9.749233e-01		9.528936e-01		9.139853e-01
1.241241e-01		9.063406e-01		8.243012e-01		6.794045e-01
1.261261e-01		1.000095e+00		1.000091e+00		1.000083e+00
1.281281e-01		9.063406e-01		8.243012e-01		6.794045e-01
1.301301e-01		9.131915e-01		8.371461e-01		7.028349e-01
1.321321e-01		9.102594e-01		8.316483e-01		6.928058e-01
1.341341e-01		9.806639e-01		9.636570e-01		9.336192e-01
1.361361e-01		9.063526e-01		8.243234e-01		6.794440e-01
1.381381e-01		9.977879e-01		9.957643e-01		9.921900e-01
1.401401e-01		9.063406e-01		8.243009e-01		6.794040e-01
1.421421e-01		9.294158e-01		8.675663e-01		7.583290e-01
1.441441e-01		9.883625e-01		9.780922e-01		9.599529e-01
1.461461e-01		9.063418e-01		8.243031e-01		6.794076e-01
1.481481e-01		9.086221e-01		8.285784e-01		6.872072e-01
1.501502e-01		9.390692e-01		8.856671e-01		7.913486e-01
1.521522e-01		9.432915e-01		8.935814e-01		8.057815e-01
1.541542e-01		9.337875e-01		8.757630e-01		7.732811e-01
1.561562e-01		9.202981e-01		8.504705e-01		7.271421e-01
1.581582e-01		9.515224e-01		9.090152e-01		8.339375e-01
1.601602e-01		9.433295e-01		8.936534e-01		8.059155e-01
1.621622e-01		9.149071e-01		8.403613e-01		7.086982e-01
1.641642e-01		9.184626e-01		8.470263e-01		7.208541e-01
1.661662e-01		9.380405e-01		8.837354e-01		7.878198e-01
1.681682e-01		9.366306e-01		8.810917e-01		7.829970e-01
1.701702e-01		9.380207e-01		8.836980e-01		7.877522e-01
1.721722e-01		9.257230e-01		8.606375e-01		7.456792e-01
1.741742e-01		9.272988e-01		8.635930e-01		7.510747e-01
1.761762e-01		9.409218e-01		8.891355e-01		7.976647e-01
1.781782e-01		9.228616e-01		8.552722e-01		7.358925e-01
1.801802e-01		9.491577e-01		9.045755e-01		8.258279e-01
1.821822e-01		9.320658e-01		8.725272e-01		7.673651e-01
1.841842e-01		9.399326e-01		8.872766e-01		7.942699e-01
1.861862e-01		9.344568e-01		8.770116e-01		7.755474e-01
1.881882e-01		9.524915e-01		9.108216e-01		8.372154e-01
1.901902e-01		9.303774e-01		8.693570e-01		7.615748e-01
1.921922e-01		9.354521e-01		8.788697e-01		7.789209e-01
1.941942e-01		9.359332e-01		8.797682e-01		7.805508e-01
1.961962e-01		9.317995e-01		8.720142e-01		7.664098e-01
1.981982e-01		9.383134e-01		8.842228e-01		7.886699e-01
2.002002e-01		9.360770e-01		8.800269e-01		7.810073e-01
2.022022e-01		9.412229e-01		8.896797e-01		7.986272e-01
2.042042e-01		9.391077e-01		8.857138e-01		7.913871e-01
2.062062e-01		9.426954e-01		8.924327e-01		8.036329e-01
2.082082e-01		9.355181e-01		8.789693e-01		7.790670e-01
2.102102e-01		9.449267e-01		8.966023e-01		8.112121e-01
2.122122e-01		9.357790e-01		8.794578e-01		7.799552e-01
2.142142e-01		9.377054e-01		8.830646e-01		7.865189e-01
2.162162e-01		9.330758e-01		8.743722e-01		7.706545e-01
2.182182e-01		9.385031e-01		8.845449e-01		7.891975e-01
2.202202e-01		9.352069e-01		8.783666e-01		7.779324e-01
2.222222e-01		9.398259e-01		8.870207e-01		7.937037e-01
2.242242e-01		9.420489e-01		8.911809e-01		8.012716e-01
2.262262e-01		9.329420e-01		8.740974e-01		7.701076e-01
2.282282e-01		9.404678e-01		8.882009e-01		7.958294e-01
2.302302e-01		9.354272e-01		8.787422e-01		7.785647e-01
2.322322e-01		9.376143e-01		8.828489e-01		7.860442e-01
2.342342e-01		9.357983e-01		8.794286e-01		7.797891e-01
2.362362e-01		9.428067e-01		8.925679e-01		8.037611e-01
2.382382e-01		9.363149e-01		8.803866e-01		7.815201e-01
2.402402e-01		9.367892e-01		8.812595e-01		7.830919e-01
2.422422e-01		9.365934e-01		8.808881e-01		7.823951e-01
2.442442e-01		9.371652e-01		8.819584e-01		7.843618e-01
2.462462e-01		9.368236e-01		8.813138e-01		7.831711e-01
2.482482e-01		9.412233e-01		8.895488e-01		7.981557e-01
2.502503e-01		9.325106e-01		8.731869e-01		7.682672e-01
2.522523e-01		9.349973e-01		8.778462e-01		7.767762e-01
2.542543e-01		9.375337e-01		8.825725e-01		7.853340e-01
2.562563e-01		9.364534e-01		8.805474e-01		7.816509e-01
2.582583e-01		9.338467e-01		8.756474e-01		7.726918e-01
2.602603e-01		9.361404e-01		8.799432e-01		7.805055e-01
2.622623e-01		9.356026e-01		8.789116e-01		7.786068e-01
2.642643e-01		9.363113e-01		8.802094e-01		7.808953e-01
2.662663e-01		9.371934e-01		8.818728e-01		7.839539e-01
2.682683e-01		9.392863e-01		8.857673e-01		7.909852e-01
2.702703e-01		9.361807e-01		8.799280e-01		7.803503e-01
2.722723e-01		9.408558e-01		8.886822e-01		7.962652e-01
2.742743e-01		9.368689e-01		8.811983e-01		7.826186e-01
2.762763e-01		9.369227e-01		8.812609e-01		7.826574e-01
2.782783e-01		9.363490e-01		8.801855e-01		7.807208e-01
2.802803e-01		9.357503e-01		8.790303e-01		7.785452e-01
2.822823e-01		9.393232e-01		8.857236e-01		7.907474e-01
2.842843e-01		9.389917e-01		8.850727e-01		7.894841e-01
2.862863e-01		9.369894e-01		8.812980e-01		7.825838e-01
2.882883e-01		9.374025e-01		8.820341e-01		7.838644e-01
2.902903e-01		9.378986e-01		8.829358e-01		7.854467e-01
2.922923e-01		9.372706e-01		8.817643e-01		7.833326e-01
2.942943e-01		9.360210e-01		8.794043e-01		7.790022e-01
2.962963e-01		9.374980e-01		8.821182e-01		7.838561e-01
2.982983e-01		9.399918e-01		8.868034e-01		7.923811e-01
3.003003e-01		9.357694e-01		8.788418e-01		7.778449e-01
3.023023e-01		9.383862e-01		8.837166e-01		7.866559e-01
3.043043e-01		9.369713e-01		8.810648e-01		7.818098e-01
3.063063e-01		9.358834e-01		8.789785e-01		7.779365e-01
3.083083e-01		9.372984e-01		8.816584e-01		7.828507e-01
3.103103e-01		9.376112e-01		8.821933e-01		7.837432e-01
3.123123e-01		9.363479e-01		8.797709e-01		7.792530e-01
3.143143e-01		9.369578e-01		8.809057e-01		7.812914e-01
3.163163e-01		9.372884e-01		8.815029e-01		7.823529e-01
3.183183e-01		9.375115e-01		8.818850e-01		7.830123e-01
3.203203e-01		9.371910e-01		8.812796e-01		7.818556e-01
3.223223e-01		9.389318e-01		8.845133e-01		7.876844e-01
3.243243e-01		9.379464e-01		8.826408e-01		7.842867e-01
3.263263e-01		9.367128e-01		8.802769e-01		7.798742e-01
3.283283e-01		9.376065e-01		8.819364e-01		7.828757e-01
3.303303e-01		9.372666e-01		8.812629e-01		7.815743e-01
3.323323e-01		9.373036e-01		8.813305e-01		7.816769e-01
3.343343e-01		9.370897e-01		8.808879e-01		7.807949e-01
3.363363e-01		9.376721e-01		8.819827e-01		7.828299e-01
3.383383e-01		9.380752e-01		8.826416e-01		7.838381e-01
3.403403e-01		9.373110e-01		8.812278e-01		7.813538e-01
3.423423e-01		9.371370e-01		8.808530e-01		7.805346e-01
3.443443e-01		9.379626e-01		8.824054e-01		7.833849e-01
3.463463e-01		9.373195e-01		8.811579e-01		7.810389e-01
3.483483e-01		9.375098e-01		8.814545e-01		7.814870e-01
3.503504e-01		9.366331e-01		8.797999e-01		7.784374e-01
3.523524e-01		9.368806e-01		8.802267e-01		7.791991e-01
3.543544e-01		9.379088e-01		8.821551e-01		7.826532e-01
3.563564e-01		9.375104e-01		8.813878e-01		7.812190e-01
3.583584e-01		9.373433e-01		8.810337e-01		7.804977e-01
3.603604e-01		9.378028e-01		8.818686e-01		7.820231e-01
3.623624e-01		9.371084e-01		8.805979e-01		7.797325e-01
3.643644e-01		9.379651e-01		8.821465e-01		7.824835e-01
3.663664e-01		9.365424e-01		8.794319e-01		7.774591e-01
3.683684e-01		9.376768e-01		8.815519e-01		7.813166e-01
3.703704e-01		9.372052e-01		8.806557e-01		7.796704e-01
3.723724e-01		9.372742e-01		8.807291e-01		7.796755e-01
3.743744e-01		9.377183e-01		8.815281e-01		7.810474e-01
3.763764e-01		9.372033e-01		8.805522e-01		7.792795e-01
3.783784e-01		9.376316e-01		8.813387e-01		7.806896e-01
3.803804e-01		9.378121e-01		8.816432e-01		7.811588e-01
3.823824e-01		9.377336e-01		8.814658e-01		7.807918e-01
3.843844e-01		9.373106e-01		8.806326e-01		7.792181e-01
3.863864e-01		9.367322e-01		8.795478e-01		7.772692e-01
3.883884e-01		9.376563e-01		8.812845e-01		7.803988e-01
3.903904e-01		9.377857e-01		8.814747e-01		7.806867e-01
3.923924e-01		9.376416e-01		8.812134e-01		7.802599e-01
3.943944e-01		9.376117e-01		8.810917e-01		7.798763e-01
3.963964e-01		9.377928e-01		8.814131e-01		7.804212e-01
3.983984e-01		9.376727e-01		8.812071e-01		7.800693e-01
4.004004e-01		9.376534e-01		8.811072e-01		7.798006e-01
4.024024e-01		9.368512e-01		8.795753e-01		7.769721e-01
4.044044e-01		9.372960e-01		8.803952e-01		7.784109e-01
4.064064e-01		9.369642e-01		8.797554e-01		7.772995e-01
4.084084e-01		9.374618e-01		8.806393e-01		7.787529e-01
4.104104e-01		9.376251e-01		8.809640e-01		7.793720e-01
4.124124e-01		9.372350e-01		8.802353e-01		7.780711e-01
4.144144e-01		9.367387e-01		8.792358e-01		7.761535e-01
4.164164e-01		9.373328e-01		8.803609e-01		7.782176e-01
4.184184e-01		9.373117e-01		8.802912e-01		7.780272e-01
4.204204e-01		9.377998e-01		8.811637e-01		7.795285e-01
4.224224e-01		9.379024e-01		8.813839e-01		7.799678e-01
4.244244e-01		9.377922e-01		8.811367e-01		7.794430e-01
4.264264e-01		9.371775e-01		8.799905e-01		7.774152e-01
4.284284e-01		9.377640e-01		8.810827e-01		7.793467e-01
4.304304e-01		9.379820e-01		8.814532e-01		7.799737e-01
4.324324e-01		9.376938e-01		8.808784e-01		7.788486e-01
4.344344e-01		9.377921e-01		8.810520e-01		7.791408e-01
4.364364e-01		9.375332e-01		8.805375e-01		7.781863e-01
4.384384e-01		9.370528e-01		8.796611e-01		7.766210e-01
4.404404e-01		9.377963e-01		8.810348e-01		7.790955e-01
4.424424e-01		9.379299e-01		8.812629e-01		7.794432e-01
4.444444e-01		9.378479e-01		8.810827e-01		7.790780e-01
4.464464e-01		9.376721e-01		8.807407e-01		7.784590e-01
4.484484e-01		9.377049e-01		8.807832e-01		7.784973e-01
4.504505e-01		9.369198e-01		8.793297e-01		7.759191e-01
4.524525e-01		9.378174e-01		8.809697e-01		7.787563e-01
4.544545e-01		9.382076e-01		8.816661e-01		7.799469e-01
4.564565e-01		9.377283e-01		8.807890e-01		7.784323e-01
4.584585e-01		9.376176e-01		8.805518e-01		7.779771e-01
4.604605e-01		9.375936e-01		8.805125e-01		7.778765e-01
4.624625e-01		9.372039e-01		8.797591e-01		7.764709e-01
4.644645e-01		9.374752e-01		8.802434e-01		7.773017e-01
4.664665e-01		9.379826e-01		8.811904e-01		7.790290e-01
4.684685e-01		9.377899e-01		8.807996e-01		7.782891e-01
4.704705e-01		9.368506e-01		8.790711e-01		7.752274e-01
4.724725e-01		9.375707e-01		8.803966e-01		7.775182e-01
4.744745e-01		9.377354e-01		8.806741e-01		7.780249e-01
4.764765e-01		9.378666e-01		8.809068e-01		7.783914e-01
4.784785e-01		9.377523e-01		8.807062e-01		7.780669e-01
4.804805e-01		9.378139e-01		8.807953e-01		7.781987e-01
4.824825e-01		9.372847e-01		8.797657e-01		7.762628e-01
4.844845e-01		9.376240e-01		8.803998e-01		7.774270e-01
4.864865e-01		9.372444e-01		8.797181e-01		7.762128e-01
4.884885e-01		9.374881e-01		8.801206e-01		7.768526e-01
4.904905e-01		9.376615e-01		8.804582e-01		7.774533e-01
4.924925e-01		9.378602e-01		8.808233e-01		7.781479e-01
4.944945e-01		9.376510e-01		8.803968e-01		7.772962e-01
4.964965e-01		9.372848e-01		8.797112e-01		7.760673e-01
4.984985e-01		9.374254e-01		8.799515e-01		7.764775e-01
5.005005e-01		9.373674e-01		8.798555e-01		7.763127e-01
5.025025e-01		9.375631e-01		8.802176e-01		7.769487e-01
5.045045e-01		9.376990e-01		8.804505e-01		7.773249e-01
5.065065e-01		9.371424e-01		8.794002e-01		7.754514e-01
5.085085e-01		9.378643e-01		8.807478e-01		7.778478e-01
5.105105e-01		9.375988e-01		8.802428e-01		7.769151e-01
5.125125e-01		9.373855e-01		8.798262e-01		7.761364e-01
5.145145e-01		9.375942e-01		8.801992e-01		7.767775e-01
5.165165e-01		9.375239e-01		8.800683e-01		7.765520e-01
5.185185e-01		9.378162e-01		8.805932e-01		7.774457e-01
5.205205e-01		9.376563e-01		8.803194e-01		7.770132e-01
5.225225e-01		9.377354e-01		8.804482e-01		7.772258e-01
5.245245e-01		9.376879e-01		8.803483e-01		7.770351e-01
5.265265e-01		9.376182e-01		8.802285e-01		7.768051e-01
5.285285e-01		9.375502e-01		8.800732e-01		7.764964e-01
5.305305e-01		9.375250e-01		8.800431e-01		7.764683e-01
5.325325e-01		9.375866e-01		8.801127e-01		7.765125e-01
5.345345e-01		9.375748e-01		8.800986e-01		7.764917e-01
5.365365e-01		9.376182e-01		8.801951e-01		7.767062e-01
5.385385e-01		9.376880e-01		8.802968e-01		7.768338e-01
5.405405e-01		9.376252e-01		8.801750e-01		7.765918e-01
5.425425e-01		9.379990e-01		8.808757e-01		7.778683e-01
5.445445e-01		9.376774e-01		8.802568e-01		7.767166e-01
5.465465e-01		9.377588e-01		8.803795e-01		7.768671e-01
5.485485e-01		9.375010e-01		8.799233e-01		7.761143e-01
5.505506e-01		9.373926e-01		8.797023e-01		7.757000e-01
5.525526e-01		9.375039e-01		8.798951e-01		7.760139e-01
5.545546e-01		9.370885e-01		8.791243e-01		7.746491e-01
5.565566e-01		9.377406e-01		8.803275e-01		7.767579e-01
5.585586e-01		9.374764e-01		8.798327e-01		7.758728e-01
5.605606e-01		9.376568e-01		8.801828e-01		7.765239e-01
5.625626e-01		9.377723e-01		8.803685e-01		7.767957e-01
5.645646e-01		9.375637e-01		8.799761e-01		7.761125e-01
5.665666e-01		9.376381e-01		8.801030e-01		7.763263e-01
5.685686e-01		9.378021e-01		8.804099e-01		7.768472e-01
5.705706e-01		9.376469e-01		8.801288e-01		7.763491e-01
5.725726e-01		9.375742e-01		8.799668e-01		7.760525e-01
5.745746e-01		9.376287e-01		8.800631e-01		7.762287e-01
5.765766e-01		9.375198e-01		8.798647e-01		7.758410e-01
5.785786e-01		9.373680e-01		8.795784e-01		7.753297e-01
5.805806e-01		9.375133e-01		8.798322e-01		7.757716e-01
5.825826e-01		9.375385e-01		8.798560e-01		7.757653e-01
5.845846e-01		9.376287e-01		8.800418e-01		7.761155e-01
5.865866e-01		9.376628e-01		8.801111e-01		7.762739e-01
5.885886e-01		9.378057e-01		8.803711e-01		7.766798e-01
5.905906e-01		9.378297e-01		8.804113e-01		7.767865e-01
5.925926e-01		9.373938e-01		8.795950e-01		7.753484e-01
5.945946e-01		9.377119e-01		8.801697e-01		7.763093e-01
5.965966e-01		9.374998e-01		8.797713e-01		7.755734e-01
5.985986e-01		9.375356e-01		8.798244e-01		7.756766e-01
6.006006e-01		9.374734e-01		8.796923e-01		7.754390e-01
6.026026e-01		9.378719e-01		8.804549e-01		7.767889e-01
6.046046e-01		9.376129e-01		8.799772e-01		7.759417e-01
6.066066e-01		9.378467e-01		8.803884e-01		7.766381e-01
6.086086e-01		9.374576e-01		8.796565e-01		7.753179e-01
6.106106e-01		9.373041e-01		8.793755e-01		7.748435e-01
6.126126e-01		9.378561e-01		8.803996e-01		7.766437e-01
6.146146e-01		9.375719e-01		8.798463e-01		7.756079e-01
6.166166e-01		9.375713e-01		8.798713e-01		7.757025e-01
6.186186e-01		9.376774e-01		8.800520e-01		7.759790e-01
6.206206e-01		9.375836e-01		8.798692e-01		7.756616e-01
6.226226e-01		9.375701e-01		8.798435e-01		7.755931e-01
6.246246e-01		9.372133e-01		8.791764e-01		7.744536e-01
6.266266e-01		9.378684e-01		8.803946e-01		7.766028e-01
6.286286e-01		9.378619e-01		8.803649e-01		7.765068e-01
6.306306e-01		9.374072e-01		8.795248e-01		7.750181e-01
6.326326e-01		9.375309e-01		8.797342e-01		7.753583e-01
6.346346e-01		9.375936e-01		8.798651e-01		7.756226e-01
6.366366e-01		9.377799e-01		8.802022e-01		7.761939e-01
6.386386e-01		9.374916e-01		8.796675e-01		7.752498e-01
6.406406e-01		9.374060e-01		8.794929e-01		7.749256e-01
6.426426e-01		9.374986e-01		8.796673e-01		7.752260e-01
6.446446e-01		9.378192e-01		8.802543e-01		7.762584e-01
6.466466e-01		9.375555e-01		8.797803e-01		7.754408e-01
6.486486e-01		9.378051e-01		8.802174e-01		7.761581e-01
6.506507e-01		9.375367e-01		8.797220e-01		7.753204e-01
6.526527e-01		9.376088e-01		8.798464e-01		7.754932e-01
6.546547e-01		9.376527e-01		8.799322e-01		7.756655e-01
6.566567e-01		9.377904e-01		8.801858e-01		7.760851e-01
6.586587e-01		9.377512e-01		8.801240e-01		7.760091e-01
6.606607e-01		9.375133e-01		8.796655e-01		7.751740e-01
6.626627e-01		9.378039e-01		8.802063e-01		7.761279e-01
6.646647e-01		9.374600e-01		8.795591e-01		7.749669e-01
6.666667e-01		9.377231e-01		8.800520e-01		7.758523e-01
6.686687e-01		9.379188e-01		8.804134e-01		7.764756e-01
6.706707e-01		9.375941e-01		8.798021e-01		7.753808e-01
6.726727e-01		9.375221e-01		8.796700e-01		7.751639e-01
6.746747e-01		9.375684e-01		8.797620e-01		7.753302e-01
6.766767e-01		9.376452e-01		8.798958e-01		7.755433e-01
6.786787e-01		9.374114e-01		8.794409e-01		7.747280e-01
6.806807e-01		9.376598e-01		8.799046e-01		7.755456e-01
6.826827e-01		9.376516e-01		8.798839e-01		7.755008e-01
6.846847e-01		9.374957e-01		8.795910e-01		7.749735e-01
6.866867e-01		9.372068e-01		8.790527e-01		7.740374e-01
6.886887e-01		9.377336e-01		8.800264e-01		7.757211e-01
6.906907e-01		9.375684e-01		8.797224e-01		7.751804e-01
6.926927e-01		9.379381e-01		8.804136e-01		7.764066e-01
6.946947e-01		9.376598e-01		8.798882e-01		7.754555e-01
6.966967e-01		9.377312e-01		8.800180e-01		7.757051e-01
6.986987e-01		9.377822e-01		8.801076e-01		7.758612e-01
7.007007e-01		9.374605e-01		8.794923e-01		7.747391e-01
7.027027e-01		9.374131e-01		8.794179e-01		7.746550e-01
7.047047e-01		9.377934e-01		8.801161e-01		7.758561e-01
7.067067e-01		9.377008e-01		8.799437e-01		7.755399e-01
7.087087e-01		9.377435e-01		8.800249e-01		7.756781e-01
7.107107e-01		9.377236e-01		8.799905e-01		7.756177e-01
7.127127e-01		9.377002e-01		8.799402e-01		7.755205e-01
7.147147e-01		9.376950e-01		8.799297e-01		7.755061e-01
7.167167e-01		9.377412e-01		8.800093e-01		7.756300e-01
7.187187e-01		9.376422e-01		8.798175e-01		7.753040e-01
7.207207e-01		9.374676e-01		8.794840e-01		7.746832e-01
7.227227e-01		9.373099e-01		8.791834e-01		7.741378e-01
7.247247e-01		9.376903e-01		8.798843e-01		7.753569e-01
7.267267e-01		9.377676e-01		8.800556e-01		7.757175e-01
7.287287e-01		9.376170e-01		8.797674e-01		7.752080e-01
7.307307e-01		9.379123e-01		8.803099e-01		7.761388e-01
7.327327e-01		9.380301e-01		8.805335e-01		7.765561e-01
7.347347e-01		9.375555e-01		8.796440e-01		7.749532e-01
7.367367e-01		9.373844e-01		8.793152e-01		7.743640e-01
7.387387e-01		9.376844e-01		8.798725e-01		7.753396e-01
7.407407e-01		9.375654e-01		8.796560e-01		7.749760e-01
7.427427e-01		9.375285e-01		8.795625e-01		7.747717e-01
7.447447e-01		9.375344e-01		8.795978e-01		7.748911e-01
7.467467e-01		9.376551e-01		8.798151e-01		7.752473e-01
7.487487e-01		9.377401e-01		8.799794e-01		7.755238e-01
7.507508e-01		9.375994e-01		8.797013e-01		7.750045e-01
7.527528e-01		9.376750e-01		8.798470e-01		7.752903e-01
7.547548e-01		9.378291e-01		8.801261e-01		7.757687e-01
7.567568e-01		9.380441e-01		8.805246e-01		7.764596e-01
7.587588e-01		9.377054e-01		8.798956e-01		7.753834e-01
7.607608e-01		9.376768e-01		8.798181e-01		7.751736e-01
7.627628e-01		9.374225e-01		8.793664e-01		7.744279e-01
7.647648e-01		9.377066e-01		8.798882e-01		7.753361e-01
7.667668e-01		9.380055e-01		8.804512e-01		7.763291e-01
7.687688e-01		9.375367e-01		8.795730e-01		7.747833e-01
7.707708e-01		9.371916e-01		8.789187e-01		7.736017e-01
7.727728e-01		9.376890e-01		8.798579e-01		7.752765e-01
7.747748e-01		9.376334e-01		8.797384e-01		7.750462e-01
7.767768e-01		9.375883e-01		8.796621e-01		7.749106e-01
7.787788e-01		9.378930e-01		8.802165e-01		7.758928e-01
7.807808e-01		9.381150e-01		8.806176e-01		7.765659e-01
7.827828e-01		9.374348e-01		8.793588e-01		7.743603e-01
7.847848e-01		9.379750e-01		8.803552e-01		7.761022e-01
7.867868e-01		9.374447e-01		8.793889e-01		7.744380e-01
7.887888e-01		9.373258e-01		8.791556e-01		7.740048e-01
7.907908e-01		9.377594e-01		8.799691e-01		7.754455e-01
7.927928e-01		9.373709e-01		8.792304e-01		7.741280e-01
7.947948e-01		9.373311e-01		8.791541e-01		7.739881e-01
7.967968e-01		9.376715e-01		8.797915e-01		7.751013e-01
7.987988e-01		9.378185e-01		8.800645e-01		7.755688e-01
8.008008e-01		9.377453e-01		8.799396e-01		7.753941e-01
8.028028e-01		9.377500e-01		8.799348e-01		7.753626e-01
8.048048e-01		9.374834e-01		8.794269e-01		7.744384e-01
8.068068e-01		9.373639e-01		8.792073e-01		7.740685e-01
8.088088e-01		9.375057e-01		8.794842e-01		7.745514e-01
8.108108e-01		9.373850e-01		8.792489e-01		7.741264e-01
8.128128e-01		9.376680e-01		8.797784e-01		7.750764e-01
8.148148e-01		9.374207e-01		8.793183e-01		7.742617e-01
8.168168e-01		9.375156e-01		8.794822e-01		7.745179e-01
8.188188e-01		9.376809e-01		8.797951e-01		7.750977e-01
8.208208e-01		9.377154e-01		8.798415e-01		7.751353e-01
8.228228e-01		9.377559e-01		8.799249e-01		7.753044e-01
8.248248e-01		9.377670e-01		8.799487e-01		7.753522e-01
8.268268e-01		9.379194e-01		8.802360e-01		7.758489e-01
8.288288e-01		9.376234e-01		8.796738e-01		7.748534e-01
8.308308e-01		9.374166e-01		8.792900e-01		7.741700e-01
8.328328e-01		9.374366e-01		8.793210e-01		7.742104e-01
8.348348e-01		9.376469e-01		8.797201e-01		7.749117e-01
8.368368e-01		9.374594e-01		8.793597e-01		7.742805e-01
8.388388e-01		9.372197e-01		8.789003e-01		7.734562e-01
8.408408e-01		9.378338e-01		8.800662e-01		7.755486e-01
8.428428e-01		9.376246e-01		8.796602e-01		7.747924e-01
8.448448e-01		9.377254e-01		8.798385e-01		7.750856e-01
8.468468e-01		9.374570e-01		8.793427e-01		7.742214e-01
8.488488e-01		9.375795e-01		8.795843e-01		7.746725e-01
8.508509e-01		9.379405e-01		8.802516e-01		7.758516e-01
8.528529e-01		9.379873e-01		8.803403e-01		7.760155e-01
8.548549e-01		9.375936e-01		8.796055e-01		7.746866e-01
8.568569e-01		9.371769e-01		8.788308e-01		7.733512e-01
8.588589e-01		9.373814e-01		8.792024e-01		7.739671e-01
8.608609e-01		9.378215e-01		8.800341e-01		7.754646e-01
8.628629e-01		9.373902e-01		8.792270e-01		7.740341e-01
8.648649e-01		9.377107e-01		8.798137e-01		7.750610e-01
8.668669e-01		9.377090e-01		8.798160e-01		7.750667e-01
8.688689e-01		9.375485e-01		8.794909e-01		7.744562e-01
8.708709e-01		9.378092e-01		8.799867e-01		7.753368e-01
8.728729e-01		9.376275e-01		8.796465e-01		7.747379e-01
8.748749e-01		9.375936e-01		8.795756e-01		7.745960e-01
8.768769e-01		9.376680e-01		8.797227e-01		7.748654e-01
8.788789e-01		9.377143e-01		8.798120e-01		7.750372e-01
8.808809e-01		9.370141e-01		8.784932e-01		7.726822e-01
8.828829e-01		9.377553e-01		8.798999e-01		7.752123e-01
8.848849e-01		9.377489e-01		8.798689e-01		7.751322e-01
8.868869e-01		9.376568e-01		8.797008e-01		7.748366e-01
8.888889e-01		9.377366e-01		8.798479e-01		7.751003e-01
8.908909e-01		9.373750e-01		8.791701e-01		7.738947e-01
8.928929e-01		9.375332e-01		8.794702e-01		7.744337e-01
8.948949e-01		9.377799e-01		8.799171e-01		7.751768e-01
8.968969e-01		9.377951e-01		8.799515e-01		7.752535e-01
8.988989e-01		9.373117e-01		8.790402e-01		7.736443e-01
9.009009e-01		9.379035e-01		8.801450e-01		7.755878e-01
9.029029e-01		9.377436e-01		8.798620e-01		7.751130e-01
9.049049e-01		9.378168e-01		8.799863e-01		7.752998e-01
9.069069e-01		9.378168e-01		8.799814e-01		7.753010e-01
9.089089e-01		9.372097e-01		8.788348e-01		7.732660e-01
9.109109e-01		9.374535e-01		8.792943e-01		7.740762e-01
9.129129e-01		9.374576e-01		8.793010e-01		7.740627e-01
9.149149e-01		9.372267e-01		8.788751e-01		7.733419e-01
9.169169e-01		9.372127e-01		8.788414e-01		7.732634e-01
9.189189e-01		9.373504e-01		8.790914e-01		7.736820e-01
9.209209e-01		9.376246e-01		8.796106e-01		7.746126e-01
9.229229e-01		9.378385e-01		8.800149e-01		7.753445e-01
9.249249e-01		9.375396e-01		8.794556e-01		7.743526e-01
9.269269e-01		9.377008e-01		8.797760e-01		7.749634e-01
9.289289e-01		9.376668e-01		8.796862e-01		7.747381e-01
9.309309e-01		9.378010e-01		8.799367e-01		7.751910e-01
9.329329e-01		9.374090e-01		8.791983e-01		7.738713e-01
9.349349e-01		9.372649e-01		8.789318e-01		7.734032e-01
9.369369e-01		9.379668e-01		8.802473e-01		7.757484e-01
9.389389e-01		9.377588e-01		8.798540e-01		7.750450e-01
9.409409e-01		9.376603e-01		8.796835e-01		7.747490e-01
9.429429e-01		9.375490e-01		8.794581e-01		7.743206e-01
9.449449e-01		9.375625e-01		8.794898e-01		7.743983e-01
9.469469e-01		9.372420e-01		8.788776e-01		7.733021e-01
9.489489e-01		9.376598e-01		8.796583e-01		7.746831e-01
9.509510e-01		9.378725e-01		8.800723e-01		7.754379e-01
9.529530e-01		9.378379e-01		8.799997e-01		7.752937e-01
9.549550e-01		9.377254e-01		8.797782e-01		7.748938e-01
9.569570e-01		9.378572e-01		8.800250e-01		7.753151e-01
9.589590e-01		9.374395e-01		8.792580e-01		7.739919e-01
9.609610e-01		9.375063e-01		8.793682e-01		7.741554e-01
9.629630e-01		9.377500e-01		8.798358e-01		7.749986e-01
9.649650e-01		9.379392e-01		8.801817e-01		7.755944e-01
9.669670e-01		9.372238e-01		8.788399e-01		7.732132e-01
9.689690e-01		9.378356e-01		8.799920e-01		7.752656e-01
9.709710e-01		9.377037e-01		8.797447e-01		7.748310e-01
9.729730e-01		9.377301e-01		8.797931e-01		7.748962e-01
9.749750e-01		9.376170e-01		8.795743e-01		7.744971e-01
9.769770e-01		9.374875e-01		8.793279e-01		7.740746e-01
9.789790e-01		9.376082e-01		8.795495e-01		7.744477e-01
9.809810e-01		9.374993e-01		8.793542e-01		7.741324e-01
9.829830e-01		9.374101e-01		8.791775e-01		7.738051e-01
9.849850e-01		9.376932e-01		8.797072e-01		7.747294e-01
9.869870e-01		9.379832e-01		8.802660e-01		7.757453e-01
9.889890e-01		9.376299e-01		8.795927e-01		7.745339e-01
9.909910e-01		9.376112e-01		8.795518e-01		7.744454e-01
9.929930e-01		9.379135e-01		8.801185e-01		7.754623e-01
9.949950e-01		9.375373e-01		8.794118e-01		7.742294e-01
9.969970e-01		9.378203e-01		8.799438e-01		7.751480e-01
9.989990e-01		9.377512e-01		8.798154e-01		7.749261e-01
1.001001e+00		9.374360e-01		8.792166e-01		7.738590e-01
1.003003e+00		9.374881e-01		8.793062e-01		7.739981e-01
1.005005e+00		9.373287e-01		8.790170e-01		7.735008e-01
1.007007e+00		9.377465e-01		8.798067e-01		7.749153e-01
1.009009e+00		9.374829e-01		8.793122e-01		7.740308e-01
1.011011e+00		9.377570e-01		8.798243e-01		7.749276e-01
1.013013e+00		9.378274e-01		8.799547e-01		7.751749e-01
1.015015e+00		9.374623e-01		8.792634e-01		7.739288e-01
1.017017e+00		9.376867e-01		8.796886e-01		7.746880e-01
1.019019e+00		9.373545e-01		8.790630e-01		7.735775e-01
1.021021e+00		9.375912e-01		8.795042e-01		7.743627e-01
1.023023e+00		9.376785e-01		8.796702e-01		7.746640e-01
1.025025e+00		9.378151e-01		8.799298e-01		7.751205e-01
1.027027e+00		9.373287e-01		8.790260e-01		7.735449e-01
1.029029e+00		9.373135e-01		8.789826e-01		7.734301e-01
1.031031e+00		9.373586e-01		8.790635e-01		7.735705e-01
1.033033e+00		9.371348e-01		8.786429e-01		7.728254e-01
1.035035e+00		9.378748e-01		8.800318e-01		7.752737e-01
1.037037e+00		9.376521e-01		8.796077e-01		7.745228e-01
1.039039e+00		9.377260e-01		8.797420e-01		7.747480e-01
1.041041e+00		9.375678e-01		8.794434e-01		7.742110e-01
1.043043e+00		9.372420e-01		8.788443e-01		7.731791e-01
1.045045e+00		9.372813e-01		8.789132e-01		7.732893e-01
1.047047e+00		9.379006e-01		8.800694e-01		7.753334e-01
1.049049e+00		9.374846e-01		8.792918e-01		7.739602e-01
1.051051e+00		9.380365e-01		8.803233e-01		7.757735e-01
1.053053e+00		9.374230e-01		8.791824e-01		7.737786e-01
1.055055e+00		9.377787e-01		8.798514e-01		7.749602e-01
1.057057e+00		9.377599e-01		8.798060e-01		7.748640e-01
1.059059e+00		9.373938e-01		8.791167e-01		7.736599e-01
1.061061e+00		9.375824e-01		8.794670e-01		7.742703e-01
1.063063e+00		9.377066e-01		8.796987e-01		7.746514e-01
1.065065e+00		9.374295e-01		8.791957e-01		7.737898e-01
1.067067e+00		9.375654e-01		8.794414e-01		7.742075e-01
1.069069e+00		9.375877e-01		8.794757e-01		7.742638e-01
1.071071e+00		9.380400e-01		8.803157e-01		7.757337e-01
1.073073e+00		9.378754e-01		8.800130e-01		7.752124e-01
1.075075e+00		9.373738e-01		8.790765e-01		7.735623e-01
1.077077e+00		9.379334e-01		8.801234e-01		7.753961e-01
1.079079e+00		9.372561e-01		8.788573e-01		7.731780e-01
1.081081e+00		9.375420e-01		8.793885e-01		7.741139e-01
1.083083e+00		9.376364e-01		8.795532e-01		7.743730e-01
1.085085e+00		9.373674e-01		8.790505e-01		7.734800e-01
1.087087e+00		9.378525e-01		8.799722e-01		7.751554e-01
1.089089e+00		9.375719e-01		8.794342e-01		7.741727e-01
1.091091e+00		9.380441e-01		8.803379e-01		7.757812e-01
1.093093e+00		9.376604e-01		8.796126e-01		7.744947e-01
1.095095e+00		9.373481e-01		8.790302e-01		7.734928e-01
1.097097e+00		9.377693e-01		8.798020e-01		7.748018e-01
1.099099e+00		9.371699e-01		8.786866e-01		7.728631e-01
1.101101e+00		9.373944e-01		8.791104e-01		7.736171e-01
1.103103e+00		9.377628e-01		8.797971e-01		7.748121e-01
1.105105e+00		9.373844e-01		8.790862e-01		7.735627e-01
1.107107e+00		9.373855e-01		8.790814e-01		7.735476e-01
1.109109e+00		9.376240e-01		8.795375e-01		7.743640e-01
1.111111e+00		9.375918e-01		8.794756e-01		7.742562e-01
1.113113e+00		9.377922e-01		8.798448e-01		7.748842e-01
1.115115e+00		9.373123e-01		8.789448e-01		7.733057e-01
1.117117e+00		9.374219e-01		8.791455e-01		7.736490e-01
1.119119e+00		9.380096e-01		8.802592e-01		7.756190e-01
1.121121e+00		9.378549e-01		8.799580e-01		7.750835e-01
1.123123e+00		9.377002e-01		8.796763e-01		7.746035e-01
1.125125e+00		9.374589e-01		8.792229e-01		7.738063e-01
1.127127e+00		9.375320e-01		8.793519e-01		7.740015e-01
1.129129e+00		9.377295e-01		8.797267e-01		7.746874e-01
1.131131e+00		9.372431e-01		8.788118e-01		7.730585e-01
1.133133e+00		9.375865e-01		8.794583e-01		7.742171e-01
1.135135e+00		9.374682e-01		8.792334e-01		7.738129e-01
1.137137e+00		9.377266e-01		8.797204e-01		7.746800e-01
1.139139e+00		9.377201e-01		8.796960e-01		7.746042e-01
1.141141e+00		9.377371e-01		8.797369e-01		7.746805e-01
1.143143e+00		9.376475e-01		8.795632e-01		7.743801e-01
1.145145e+00		9.376627e-01		8.795892e-01		7.744142e-01
1.147147e+00		9.372883e-01		8.788866e-01		7.731732e-01
1.149149e+00		9.376639e-01		8.796010e-01		7.744621e-01
1.151151e+00		9.377330e-01		8.797374e-01		7.747047e-01
1.153153e+00		9.375807e-01		8.794343e-01		7.741511e-01
1.155155e+00		9.381279e-01		8.804533e-01		7.759246e-01
1.157157e+00		9.375812e-01		8.794310e-01		7.741347e-01
1.159159e+00		9.376791e-01		8.796307e-01		7.745152e-01
1.161161e+00		9.376170e-01		8.795065e-01		7.742906e-01
1.163163e+00		9.377201e-01		8.796946e-01		7.745884e-01
1.165165e+00		9.372655e-01		8.788456e-01		7.731143e-01
1.167167e+00		9.376627e-01		8.795809e-01		7.743880e-01
1.169169e+00		9.375156e-01		8.793126e-01		7.739391e-01
1.171171e+00		9.376463e-01		8.795544e-01		7.743565e-01
1.173173e+00		9.376229e-01		8.795144e-01		7.742886e-01
1.175175e+00		9.374301e-01		8.791507e-01		7.736388e-01
1.177177e+00		9.375490e-01		8.793667e-01		7.740120e-01
1.179179e+00		9.376603e-01		8.795843e-01		7.744125e-01
1.181181e+00		9.378496e-01		8.799443e-01		7.750616e-01
1.183183e+00		9.376774e-01		8.796119e-01		7.744345e-01
1.185185e+00		9.377424e-01		8.797262e-01		7.746393e-01
1.187187e+00		9.377102e-01		8.796768e-01		7.745730e-01
1.189189e+00		9.373322e-01		8.789622e-01		7.732923e-01
1.191191e+00		9.374506e-01		8.791842e-01		7.737004e-01
1.193193e+00		9.374570e-01		8.791970e-01		7.737288e-01
1.195195e+00		9.379598e-01		8.801408e-01		7.753829e-01
1.197197e+00		9.375490e-01		8.793635e-01		7.740094e-01
1.199199e+00		9.373276e-01		8.789557e-01		7.732963e-01
1.201201e+00		9.379827e-01		8.801764e-01		7.754304e-01
1.203203e+00		9.375098e-01		8.792822e-01		7.738399e-01
1.205205e+00		9.375771e-01		8.794175e-01		7.740991e-01
1.207207e+00		9.378098e-01		8.798491e-01		7.748660e-01
1.209209e+00		9.377775e-01		8.797969e-01		7.747735e-01
1.211211e+00		9.376651e-01		8.795698e-01		7.743465e-01
1.213213e+00		9.372643e-01		8.788225e-01		7.730330e-01
1.215215e+00		9.378145e-01		8.798656e-01		7.749003e-01
1.217217e+00		9.371442e-01		8.785994e-01		7.726369e-01
1.219219e+00		9.379281e-01		8.800801e-01		7.752659e-01
1.221221e+00		9.377336e-01		8.797099e-01		7.746001e-01
1.223223e+00		9.375906e-01		8.794424e-01		7.741381e-01
1.225225e+00		9.373967e-01		8.790788e-01		7.734911e-01
1.227227e+00		9.377301e-01		8.796888e-01		7.745463e-01
1.229229e+00		9.374664e-01		8.792064e-01		7.737230e-01
1.231231e+00		9.377183e-01		8.796727e-01		7.745234e-01
1.233233e+00		9.375613e-01		8.793781e-01		7.740049e-01
1.235235e+00		9.374207e-01		8.791187e-01		7.735600e-01
1.237237e+00		9.376158e-01		8.794753e-01		7.741796e-01
1.239239e+00		9.376644e-01		8.795620e-01		7.742995e-01
1.241241e+00		9.372145e-01		8.787284e-01		7.728799e-01
1.243243e+00		9.373844e-01		8.790478e-01		7.734181e-01
1.245245e+00		9.376422e-01		8.795232e-01		7.742443e-01
1.247247e+00		9.372983e-01		8.788791e-01		7.731060e-01
1.249249e+00		9.382487e-01		8.806708e-01		7.763093e-01
1.251251e+00		9.378438e-01		8.799009e-01		7.749192e-01
1.253253e+00		9.373112e-01		8.788972e-01		7.731428e-01
1.255255e+00		9.374670e-01		8.791951e-01		7.736745e-01
1.257257e+00		9.377354e-01		8.797119e-01		7.745998e-01
1.259259e+00		9.375707e-01		8.793916e-01		7.740172e-01
1.261261e+00		9.373153e-01		8.789084e-01		7.731604e-01
1.263263e+00		9.378485e-01		8.799083e-01		7.749371e-01
1.265265e+00		9.375520e-01		8.793569e-01		7.739633e-01
1.267267e+00		9.374237e-01		8.791185e-01		7.735462e-01
1.269269e+00		9.376774e-01		8.795889e-01		7.743808e-01
1.271271e+00		9.377881e-01		8.797931e-01		7.747306e-01
1.273273e+00		9.376897e-01		8.796062e-01		7.743896e-01
1.275275e+00		9.377037e-01		8.796343e-01		7.744351e-01
1.277277e+00		9.373850e-01		8.790409e-01		7.733959e-01
1.279279e+00		9.373427e-01		8.789674e-01		7.732807e-01
1.281281e+00		9.378186e-01		8.798486e-01		7.748220e-01
1.283283e+00		9.376094e-01		8.794626e-01		7.741457e-01
1.285285e+00		9.378233e-01		8.798587e-01		7.748462e-01
1.287287e+00		9.373030e-01		8.788817e-01		7.731038e-01
1.289289e+00		9.373240e-01		8.789170e-01		7.731709e-01
1.291291e+00		9.375584e-01		8.793642e-01		7.739664e-01
1.293293e+00		9.373217e-01		8.789116e-01		7.731531e-01
1.295295e+00		9.376657e-01		8.795645e-01		7.743283e-01
1.297297e+00		9.376721e-01		8.795739e-01		7.743410e-01
1.299299e+00		9.376457e-01		8.795376e-01		7.742797e-01
1.301301e+00		9.373129e-01		8.788947e-01		7.731197e-01
1.303303e+00		9.377148e-01		8.796441e-01		7.744435e-01
1.305305e+00		9.375145e-01		8.792794e-01		7.738107e-01
1.307307e+00		9.373926e-01		8.790523e-01		7.734033e-01
1.309309e+00		9.375321e-01		8.793071e-01		7.738453e-01
1.311311e+00		9.376603e-01		8.795449e-01		7.742714e-01
1.313313e+00		9.374026e-01		8.790695e-01		7.734579e-01
1.315315e+00		9.375995e-01		8.794318e-01		7.740556e-01
1.317317e+00		9.373662e-01		8.789937e-01		7.733055e-01
1.319319e+00		9.372150e-01		8.787135e-01		7.728098e-01
1.321321e+00		9.374547e-01		8.791549e-01		7.735782e-01
1.323323e+00		9.372771e-01		8.788329e-01		7.730129e-01
1.325325e+00		9.375777e-01		8.793866e-01		7.739912e-01
1.327327e+00		9.377401e-01		8.796987e-01		7.745463e-01
1.329329e+00		9.379709e-01		8.801363e-01		7.753198e-01
1.331331e+00		9.374963e-01		8.792367e-01		7.737307e-01
1.333333e+00		9.371564e-01		8.786025e-01		7.726096e-01
1.335335e+00		9.378367e-01		8.798811e-01		7.748899e-01
1.337337e+00		9.376211e-01		8.794669e-01		7.741371e-01
1.339339e+00		9.375637e-01		8.793591e-01		7.739369e-01
1.341341e+00		9.381648e-01		8.804917e-01		7.759583e-01
1.343343e+00		9.376498e-01		8.795326e-01		7.742647e-01
1.345345e+00		9.375637e-01		8.793598e-01		7.739426e-01
1.347347e+00		9.377248e-01		8.796649e-01		7.745035e-01
1.349349e+00		9.375203e-01		8.792793e-01		7.737940e-01
1.351351e+00		9.373762e-01		8.790026e-01		7.732996e-01
1.353353e+00		9.378034e-01		8.798103e-01		7.747281e-01
1.355355e+00		9.371981e-01		8.786751e-01		7.727307e-01
1.357357e+00		9.374201e-01		8.790971e-01		7.734728e-01
1.359359e+00		9.373598e-01		8.789717e-01		7.732365e-01
1.361361e+00		9.378479e-01		8.798924e-01		7.748798e-01
1.363363e+00		9.375256e-01		8.792902e-01		7.738216e-01
1.365365e+00		9.370943e-01		8.784793e-01		7.724032e-01
1.367367e+00		9.376873e-01		8.795905e-01		7.743427e-01
1.369369e+00		9.372637e-01		8.787904e-01		7.729183e-01
1.371371e+00		9.373984e-01		8.790394e-01		7.733620e-01
1.373373e+00		9.377014e-01		8.796153e-01		7.743822e-01
1.375375e+00		9.374107e-01		8.790763e-01		7.734415e-01
1.377377e+00		9.377149e-01		8.796429e-01		7.744487e-01
1.379379e+00		9.374623e-01		8.791676e-01		7.735998e-01
1.381381e+00		9.375942e-01		8.794171e-01		7.740542e-01
1.383383e+00		9.375103e-01		8.792598e-01		7.737677e-01
1.385385e+00		9.377840e-01		8.797747e-01		7.746906e-01
1.387387e+00		9.376692e-01		8.795509e-01		7.742608e-01
1.389389e+00		9.374014e-01		8.790542e-01		7.733938e-01
1.391391e+00		9.373832e-01		8.790165e-01		7.733105e-01
1.393393e+00		9.373433e-01		8.789391e-01		7.731781e-01
1.395395e+00		9.376375e-01		8.794869e-01		7.741283e-01
1.397397e+00		9.376861e-01		8.795798e-01		7.743085e-01
1.399399e+00		9.372631e-01		8.787922e-01		7.729482e-01
1.401401e+00		9.377494e-01		8.797073e-01		7.745330e-01
1.403403e+00		9.374524e-01		8.791411e-01		7.735350e-01
1.405405e+00		9.375912e-01		8.793994e-01		7.739922e-01
1.407407e+00		9.375303e-01		8.792858e-01		7.737863e-01
1.409409e+00		9.374764e-01		8.791906e-01		7.736110e-01
1.411411e+00		9.375426e-01		8.793103e-01		7.738308e-01
1.413413e+00		9.377653e-01		8.797216e-01		7.745404e-01
1.415415e+00		9.373457e-01		8.789471e-01		7.731933e-01
1.417417e+00		9.376539e-01		8.795197e-01		7.742103e-01
1.419419e+00		9.376293e-01		8.794749e-01		7.741337e-01
1.421421e+00		9.376510e-01		8.795136e-01		7.741933e-01
1.423423e+00		9.378174e-01		8.798107e-01		7.746905e-01
1.425425e+00		9.376510e-01		8.795153e-01		7.741905e-01
1.427427e+00		9.376364e-01		8.794749e-01		7.740955e-01
1.429429e+00		9.375326e-01		8.792918e-01		7.738058e-01
1.431431e+00		9.377846e-01		8.797592e-01		7.746251e-01
1.433433e+00		9.374846e-01		8.791895e-01		7.736019e-01
1.435435e+00		9.378121e-01		8.798143e-01		7.747208e-01
1.437437e+00		9.376527e-01		8.795072e-01		7.741675e-01
1.439439e+00		9.373182e-01		8.788861e-01		7.730737e-01
1.441441e+00		9.375221e-01		8.792655e-01		7.737477e-01
1.443443e+00		9.373844e-01		8.790039e-01		7.732848e-01
1.445445e+00		9.373533e-01		8.789501e-01		7.731885e-01
1.447447e+00		9.377131e-01		8.796326e-01		7.744035e-01
1.449449e+00		9.380155e-01		8.801899e-01		7.753735e-01
1.451451e+00		9.374448e-01		8.791281e-01		7.735134e-01
1.453453e+00		9.380254e-01		8.802078e-01		7.754161e-01
1.455455e+00		9.376176e-01		8.794455e-01		7.740654e-01
1.457457e+00		9.379850e-01		8.801327e-01		7.752699e-01
1.459459e+00		9.377055e-01		8.796031e-01		7.743249e-01
1.461461e+00		9.377301e-01		8.796508e-01		7.744121e-01
1.463463e+00		9.376949e-01		8.795930e-01		7.743288e-01
1.465465e+00		9.375209e-01		8.792628e-01		7.737419e-01
1.467467e+00		9.375473e-01		8.793069e-01		7.738110e-01
1.469469e+00		9.376926e-01		8.795772e-01		7.742784e-01
1.471471e+00		9.376288e-01		8.794737e-01		7.741271e-01
1.473473e+00		9.376053e-01		8.794145e-01		7.739954e-01
1.475475e+00		9.372590e-01		8.787653e-01		7.728461e-01
1.477477e+00		9.375549e-01		8.793175e-01		7.738120e-01
1.479479e+00		9.377629e-01		8.797046e-01		7.744991e-01
1.481481e+00		9.379926e-01		8.801394e-01		7.752792e-01
1.483483e+00		9.375953e-01		8.793959e-01		7.739451e-01
1.485485e+00		9.376762e-01		8.795476e-01		7.742186e-01
1.487487e+00		9.376270e-01		8.794603e-01		7.740917e-01
1.489489e+00		9.376762e-01		8.795479e-01		7.742309e-01
1.491491e+00		9.375168e-01		8.792576e-01		7.737318e-01
1.493493e+00		9.375695e-01		8.793424e-01		7.738647e-01
1.495495e+00		9.371723e-01		8.785964e-01		7.725376e-01
1.497497e+00		9.374400e-01		8.790933e-01		7.733985e-01
1.499499e+00		9.378519e-01		8.798752e-01		7.748034e-01
1.501502e+00		9.374102e-01		8.790495e-01		7.733517e-01
1.503504e+00		9.370598e-01		8.783882e-01		7.721719e-01
1.505506e+00		9.376944e-01		8.795824e-01		7.742959e-01
1.507508e+00		9.374183e-01		8.790577e-01		7.733544e-01
1.509510e+00		9.376973e-01		8.795884e-01		7.742955e-01
1.511512e+00		9.374436e-01		8.791073e-01		7.734514e-01
1.513514e+00		9.374987e-01		8.792099e-01		7.736293e-01
1.515516e+00		9.371418e-01		8.785366e-01		7.724336e-01
1.517518e+00		9.375191e-01		8.792478e-01		7.736855e-01
1.519520e+00		9.372057e-01		8.786548e-01		7.726444e-01
1.521522e+00		9.376762e-01		8.795484e-01		7.742418e-01
1.523524e+00		9.374418e-01		8.791031e-01		7.734368e-01
1.525526e+00		9.378332e-01		8.798512e-01		7.747775e-01
1.527528e+00		9.378895e-01		8.799427e-01		7.749203e-01
1.529530e+00		9.376141e-01		8.794218e-01		7.739906e-01
1.531532e+00		9.377699e-01		8.797121e-01		7.744868e-01
1.533534e+00		9.376486e-01		8.794790e-01		7.740655e-01
1.535536e+00		9.370908e-01		8.784482e-01		7.722925e-01
1.537538e+00		9.379375e-01		8.800345e-01		7.750812e-01
1.539540e+00		9.379914e-01		8.801267e-01		7.752329e-01
1.541542e+00		9.373861e-01		8.789978e-01		7.732400e-01
1.543544e+00		9.376492e-01		8.794943e-01		7.741124e-01
1.545546e+00		9.374131e-01		8.790453e-01		7.733256e-01
1.547548e+00		9.373457e-01		8.789342e-01		7.731580e-01
1.549550e+00		9.375092e-01		8.792272e-01		7.736548e-01
1.551552e+00		9.373914e-01		8.790057e-01		7.732714e-01
1.553554e+00		9.372086e-01		8.786701e-01		7.726865e-01
1.555556e+00		9.375174e-01		8.792378e-01		7.736551e-01
1.557558e+00		9.383166e-01		8.807418e-01		7.763273e-01
1.559560e+00		9.372098e-01		8.786669e-01		7.726603e-01
1.561562e+00		9.377846e-01		8.797442e-01		7.745724e-01
1.563564e+00		9.377647e-01		8.797077e-01		7.745068e-01
1.565566e+00		9.378959e-01		8.799507e-01		7.749296e-01
1.567568e+00		9.377805e-01		8.797306e-01		7.745448e-01
1.569570e+00		9.375362e-01		8.792711e-01		7.737125e-01
1.571572e+00		9.374113e-01		8.790430e-01		7.733325e-01
1.573574e+00		9.376281e-01		8.794528e-01		7.740548e-01
1.575576e+00		9.376592e-01		8.795058e-01		7.741395e-01
1.577578e+00		9.375356e-01		8.792716e-01		7.737121e-01
1.579580e+00		9.374611e-01		8.791383e-01		7.735031e-01
1.581582e+00		9.375467e-01		8.792837e-01		7.737258e-01
1.583584e+00		9.372795e-01		8.787893e-01		7.728841e-01
1.585586e+00		9.375139e-01		8.792357e-01		7.736541e-01
1.587588e+00		9.374196e-01		8.790593e-01		7.733420e-01
1.589590e+00		9.378432e-01		8.798544e-01		7.747595e-01
1.591592e+00		9.375648e-01		8.793259e-01		7.738219e-01
1.593594e+00		9.379691e-01		8.800851e-01		7.751571e-01
1.595596e+00		9.376551e-01		8.794899e-01		7.740982e-01
1.597598e+00		9.378391e-01		8.798348e-01		7.747144e-01
1.599600e+00		9.374125e-01		8.790340e-01		7.732937e-01
1.601602e+00		9.373047e-01		8.788373e-01		7.729482e-01
1.603604e+00		9.378625e-01		8.798903e-01		7.748293e-01
1.605606e+00		9.375402e-01		8.792769e-01		7.737256e-01
1.607608e+00		9.373551e-01		8.789301e-01		7.731035e-01
1.609610e+00		9.377893e-01		8.797472e-01		7.745541e-01
1.611612e+00		9.374529e-01		8.791197e-01		7.734553e-01
1.613614e+00		9.377453e-01		8.796610e-01		7.743975e-01
1.615616e+00		9.375965e-01		8.793891e-01		7.739238e-01
1.617618e+00		9.376146e-01		8.794149e-01		7.739726e-01
1.619620e+00		9.379826e-01		8.801121e-01		7.752165e-01
1.621622e+00		9.374166e-01		8.790438e-01		7.733108e-01
1.623624e+00		9.376950e-01		8.795786e-01		7.742815e-01
1.625626e+00		9.380453e-01		8.802228e-01		7.754025e-01
1.627628e+00		9.375033e-01		8.792041e-01		7.735908e-01
1.629630e+00		9.376615e-01		8.795083e-01		7.741389e-01
1.631632e+00		9.373750e-01		8.789652e-01		7.731689e-01
1.633634e+00		9.377711e-01		8.797028e-01		7.744568e-01
1.635636e+00		9.379469e-01		8.800383e-01		7.750711e-01
1.637638e+00		9.371986e-01		8.786336e-01		7.725911e-01
1.639640e+00		9.375332e-01		8.792603e-01		7.736931e-01
1.641642e+00		9.374705e-01		8.791401e-01		7.734805e-01
1.643644e+00		9.376551e-01		8.794889e-01		7.740879e-01
1.645646e+00		9.374887e-01		8.791858e-01		7.735747e-01
1.647648e+00		9.381402e-01		8.804033e-01		7.757171e-01
1.649650e+00		9.376627e-01		8.795000e-01		7.741001e-01
1.651652e+00		9.375098e-01		8.792075e-01		7.735879e-01
1.653654e+00		9.373024e-01		8.788249e-01		7.729023e-01
1.655656e+00		9.374131e-01		8.790324e-01		7.732728e-01
1.657658e+00		9.375666e-01		8.793286e-01		7.738000e-01
1.659660e+00		9.375150e-01		8.792288e-01		7.736357e-01
1.661662e+00		9.376475e-01		8.794714e-01		7.740552e-01
1.663664e+00		9.373955e-01		8.790056e-01		7.732497e-01
1.665666e+00		9.376481e-01		8.794686e-01		7.740357e-01
1.667668e+00		9.378022e-01		8.797559e-01		7.745421e-01
1.669670e+00		9.373603e-01		8.789350e-01		7.731163e-01
1.671672e+00		9.378877e-01		8.799250e-01		7.748706e-01
1.673674e+00		9.370709e-01		8.783940e-01		7.721626e-01
1.675676e+00		9.373985e-01		8.790032e-01		7.732292e-01
1.677678e+00		9.372929e-01		8.787965e-01		7.728496e-01
1.679680e+00		9.374963e-01		8.791820e-01		7.735412e-01
1.681682e+00		9.376287e-01		8.794327e-01		7.739699e-01
1.683684e+00		9.379697e-01		8.800804e-01		7.751496e-01
1.685686e+00		9.376534e-01		8.794831e-01		7.740767e-01
1.687688e+00		9.377500e-01		8.796695e-01		7.744010e-01
1.689690e+00		9.376979e-01		8.795608e-01		7.742041e-01
1.691692e+00		9.375274e-01		8.792439e-01		7.736476e-01
1.693694e+00		9.377090e-01		8.795943e-01		7.742951e-01
1.695696e+00		9.377242e-01		8.796163e-01		7.743076e-01
1.697698e+00		9.374752e-01		8.791501e-01		7.735013e-01
1.699700e+00		9.373106e-01		8.788374e-01		7.729229e-01
1.701702e+00		9.374108e-01		8.790243e-01		7.732633e-01
1.703704e+00		9.376897e-01		8.795522e-01		7.741991e-01
1.705706e+00		9.378174e-01		8.797932e-01		7.746297e-01
1.707708e+00		9.377096e-01		8.795801e-01		7.742329e-01
1.709710e+00		9.374852e-01		8.791685e-01		7.735192e-01
1.711712e+00		9.374992e-01		8.791887e-01		7.735536e-01
1.713714e+00		9.375959e-01		8.793744e-01		7.738906e-01
1.715716e+00		9.376199e-01		8.794195e-01		7.739607e-01
1.717718e+00		9.374125e-01		8.790242e-01		7.732547e-01
1.719720e+00		9.371553e-01		8.785547e-01		7.724617e-01
1.721722e+00		9.375285e-01		8.792417e-01		7.736378e-01
1.723724e+00		9.372989e-01		8.788061e-01		7.728594e-01
1.725726e+00		9.381426e-01		8.803934e-01		7.756698e-01
1.727728e+00		9.377547e-01		8.796637e-01		7.743774e-01
1.729730e+00		9.376381e-01		8.794494e-01		7.740135e-01
1.731732e+00		9.374055e-01		8.790108e-01		7.732301e-01
1.733734e+00		9.378707e-01		8.798862e-01		7.747852e-01
1.735736e+00		9.375034e-01		8.791919e-01		7.735467e-01
1.737738e+00		9.376094e-01		8.793954e-01		7.739016e-01
1.739740e+00		9.373955e-01		8.789902e-01		7.731913e-01
1.741742e+00		9.379364e-01		8.799981e-01		7.749693e-01
1.743744e+00		9.378690e-01		8.798784e-01		7.747529e-01
1.745746e+00		9.376633e-01		8.794855e-01		7.740590e-01
1.747748e+00		9.374506e-01		8.790959e-01		7.733907e-01
1.749750e+00		9.372379e-01		8.786868e-01		7.726384e-01
1.751752e+00		9.374705e-01		8.791282e-01		7.734320e-01
1.753754e+00		9.376393e-01		8.794485e-01		7.739985e-01
1.755756e+00		9.374418e-01		8.790806e-01		7.733456e-01
1.757758e+00		9.375438e-01		8.792672e-01		7.736811e-01
1.759760e+00		9.380231e-01		8.801654e-01		7.752603e-01
1.761762e+00		9.378185e-01		8.797886e-01		7.746065e-01
1.763764e+00		9.378713e-01		8.798844e-01		7.747816e-01
1.765766e+00		9.376053e-01		8.793878e-01		7.738967e-01
1.767768e+00		9.375496e-01		8.792778e-01		7.737030e-01
1.769770e+00		9.375110e-01		8.792087e-01		7.735739e-01
1.771772e+00		9.377143e-01		8.795945e-01		7.742740e-01
1.773774e+00		9.376170e-01		8.794034e-01		7.739078e-01
1.775776e+00		9.378912e-01		8.799184e-01		7.748287e-01
1.777778e+00		9.376638e-01		8.794910e-01		7.740644e-01
1.779780e+00		9.378186e-01		8.797855e-01		7.745994e-01
1.781782e+00		9.375438e-01		8.792687e-01		7.736891e-01
1.783784e+00		9.374986e-01		8.791839e-01		7.735203e-01
1.785786e+00		9.376926e-01		8.795489e-01		7.741693e-01
1.787788e+00		9.370534e-01		8.783492e-01		7.720591e-01
1.789790e+00		9.379832e-01		8.800831e-01		7.751066e-01
1.791792e+00		9.374108e-01		8.790201e-01		7.732522e-01
1.793794e+00		9.372918e-01		8.787989e-01		7.728598e-01
1.795796e+00		9.374723e-01		8.791244e-01		7.734163e-01
1.797798e+00		9.376903e-01		8.795473e-01		7.741832e-01
1.799800e+00		9.375848e-01		8.793395e-01		7.738006e-01
1.801802e+00		9.376844e-01		8.795227e-01		7.741133e-01
1.803804e+00		9.373996e-01		8.789928e-01		7.731842e-01
1.805806e+00		9.372004e-01		8.786195e-01		7.725244e-01
1.807808e+00		9.381021e-01		8.803067e-01		7.755050e-01
1.809810e+00		9.379170e-01		8.799633e-01		7.749035e-01
1.811812e+00		9.377553e-01		8.796561e-01		7.743642e-01
1.813814e+00		9.378461e-01		8.798301e-01		7.746602e-01
1.815816e+00		9.378338e-01		8.798157e-01		7.746466e-01
1.817818e+00		9.373932e-01		8.789767e-01		7.731516e-01
1.819820e+00		9.376017e-01		8.793719e-01		7.738543e-01
1.821822e+00		9.375695e-01		8.793161e-01		7.737681e-01
1.823824e+00		9.377078e-01		8.795776e-01		7.742505e-01
1.825826e+00		9.374975e-01		8.791705e-01		7.734855e-01
1.827828e+00		9.375912e-01		8.793506e-01		7.738099e-01
1.829830e+00		9.379463e-01		8.800259e-01		7.750270e-01
1.831832e+00		9.374359e-01		8.790508e-01		7.732652e-01
1.833834e+00		9.373317e-01		8.788642e-01		7.729614e-01
1.835836e+00		9.371740e-01		8.785708e-01		7.724472e-01
1.837838e+00		9.375309e-01		8.792404e-01		7.736299e-01
1.839840e+00		9.372021e-01		8.786171e-01		7.725165e-01
1.841842e+00		9.373557e-01		8.789016e-01		7.730067e-01
1.843844e+00		9.374271e-01		8.790390e-01		7.732477e-01
1.845846e+00		9.379246e-01		8.799727e-01		7.749030e-01
1.847848e+00		9.376744e-01		8.795133e-01		7.741054e-01
1.849850e+00		9.374541e-01		8.790906e-01		7.733508e-01
1.851852e+00		9.375848e-01		8.793366e-01		7.737899e-01
1.853854e+00		9.375719e-01		8.793062e-01		7.737129e-01
1.855856e+00		9.375109e-01		8.791960e-01		7.735464e-01
1.857858e+00		9.373580e-01		8.789139e-01		7.730478e-01
1.859860e+00		9.376194e-01		8.793933e-01		7.738656e-01
1.861862e+00		9.374190e-01		8.790262e-01		7.732466e-01
1.863864e+00		9.372537e-01		8.787211e-01		7.727114e-01
1.865866e+00		9.379750e-01		8.800711e-01		7.750860e-01
1.867868e+00		9.380195e-01		8.801519e-01		7.752251e-01
1.869870e+00		9.373017e-01		8.788101e-01		7.728735e-01
1.871872e+00		9.377905e-01		8.797211e-01		7.744717e-01
1.873874e+00		9.376240e-01		8.794097e-01		7.739147e-01
1.875876e+00		9.373217e-01		8.788433e-01		7.729169e-01
1.877878e+00		9.375953e-01		8.793549e-01		7.738081e-01
1.879880e+00		9.375648e-01		8.792978e-01		7.737197e-01
1.881882e+00		9.377717e-01		8.796938e-01		7.744345e-01
1.883884e+00		9.375895e-01		8.793405e-01		7.737787e-01
1.885886e+00		9.379094e-01		8.799462e-01		7.748472e-01
1.887888e+00		9.376164e-01		8.793952e-01		7.738861e-01
1.889890e+00		9.374593e-01		8.791029e-01		7.733849e-01
1.891892e+00		9.373973e-01		8.789857e-01		7.731646e-01
1.893894e+00		9.370926e-01		8.784080e-01		7.721527e-01
1.895896e+00		9.374166e-01		8.790204e-01		7.732263e-01
1.897898e+00		9.375789e-01		8.793211e-01		7.737406e-01
1.899900e+00		9.378379e-01		8.798074e-01		7.746154e-01
1.901902e+00		9.375655e-01		8.792960e-01		7.737122e-01
1.903904e+00		9.374471e-01		8.790734e-01		7.733104e-01
1.905906e+00		9.375766e-01		8.793095e-01		7.737101e-01
1.907908e+00		9.376322e-01		8.794242e-01		7.739480e-01
1.909910e+00		9.376645e-01		8.794891e-01		7.740590e-01
1.911912e+00		9.374963e-01		8.791637e-01		7.734693e-01
1.913914e+00		9.376480e-01		8.794480e-01		7.739705e-01
1.915916e+00		9.375526e-01		8.792738e-01		7.736795e-01
1.917918e+00		9.377494e-01		8.796369e-01		7.743078e-01
1.919920e+00		9.374307e-01		8.790491e-01		7.732942e-01
1.921922e+00		9.374822e-01		8.791374e-01		7.734219e-01
1.923924e+00		9.381725e-01		8.804408e-01		7.757368e-01
1.925926e+00		9.379545e-01		8.800283e-01		7.750038e-01
1.927928e+00		9.370908e-01		8.784014e-01		7.721240e-01
1.929930e+00		9.377869e-01		8.797158e-01		7.744711e-01
1.931932e+00		9.375279e-01		8.792237e-01		7.735766e-01
1.933934e+00		9.372596e-01		8.787357e-01		7.727414e-01
1.935936e+00		9.378426e-01		8.798138e-01		7.746256e-01
1.937938e+00		9.376949e-01		8.795412e-01		7.741496e-01
1.939940e+00		9.379252e-01		8.799739e-01		7.749032e-01
1.941942e+00		9.377189e-01		8.795847e-01		7.742312e-01
1.943944e+00		9.374377e-01		8.790508e-01		7.732673e-01
1.945946e+00		9.374248e-01		8.790346e-01		7.732406e-01
1.947948e+00		9.372432e-01		8.786900e-01		7.726302e-01
1.949950e+00		9.372643e-01		8.787297e-01		7.727035e-01
1.951952e+00		9.374922e-01		8.791618e-01		7.734717e-01
1.953954e+00		9.377852e-01		8.797011e-01		7.744085e-01
1.955956e+00		9.377875e-01		8.797166e-01		7.744683e-01
1.957958e+00		9.369836e-01		8.782048e-01		7.717786e-01
1.959960e+00		9.373604e-01		8.789070e-01		7.730261e-01
1.961962e+00		9.375139e-01		8.791962e-01		7.735260e-01
1.963964e+00		9.375133e-01		8.791913e-01		7.735121e-01
1.965966e+00		9.377407e-01		8.796162e-01		7.742552e-01
1.967968e+00		9.374406e-01		8.790570e-01		7.732792e-01
1.969970e+00		9.376164e-01		8.793803e-01		7.738395e-01
1.971972e+00		9.378092e-01		8.797517e-01		7.745112e-01
1.973974e+00		9.373674e-01		8.789206e-01		7.730431e-01
1.975976e+00		9.378004e-01		8.797253e-01		7.744369e-01
1.977978e+00		9.376334e-01		8.794162e-01		7.739032e-01
1.979980e+00		9.371635e-01		8.785389e-01		7.723742e-01
1.981982e+00		9.377641e-01		8.796642e-01		7.743530e-01
1.983984e+00		9.378889e-01		8.798911e-01		7.747326e-01
1.985986e+00		9.373434e-01		8.788713e-01		7.729496e-01
1.987988e+00		9.375496e-01		8.792676e-01		7.736629e-01
1.989990e+00		9.371290e-01		8.784740e-01		7.722471e-01
1.991992e+00		9.372772e-01		8.787586e-01		7.727653e-01
1.993994e+00		9.377922e-01		8.797127e-01		7.744439e-01
1.995996e+00		9.373762e-01		8.789401e-01		7.730791e-01
1.997998e+00		9.372619e-01		8.787259e-01		7.727102e-01
2.000000e+00		9.376575e-01		8.794705e-01		7.740249e-01
