T	Real part of <m>	<|m|^2>	<|m|^4>
0.000000e+00		1.000100e+00		1.000100e+00		1.000100e+00
1.001001e+02		9.375567e-01		8.791642e-01		7.732640e-01
2.002002e+02		9.379140e-01		8.798386e-01		7.744651e-01
3.003003e+02		9.378994e-01		8.798109e-01		7.744343e-01
4.004004e+02		9.378063e-01		8.796420e-01		7.741289e-01
5.005005e+02		9.374957e-01		8.790557e-01		7.730925e-01
6.006006e+02		9.370809e-01		8.782765e-01		7.717175e-01
7.007007e+02		9.373545e-01		8.787968e-01		7.726409e-01
8.008008e+02		9.374325e-01		8.789368e-01		7.728673e-01
9.009009e+02		9.375866e-01		8.792224e-01		7.733852e-01
1.001001e+03		9.379375e-01		8.798784e-01		7.745329e-01
1.101101e+03		9.379159e-01		8.798413e-01		7.744759e-01
1.201201e+03		9.375461e-01		8.791475e-01		7.732444e-01
1.301301e+03		9.376346e-01		8.793122e-01		7.735471e-01
1.401401e+03		9.373996e-01		8.788802e-01		7.727825e-01
1.501502e+03		9.379909e-01		8.799816e-01		7.747360e-01
1.601602e+03		9.373252e-01		8.787280e-01		7.725014e-01
1.701702e+03		9.376434e-01		8.793327e-01		7.735818e-01
1.801802e+03		9.373252e-01		8.787372e-01		7.725370e-01
1.901902e+03		9.373076e-01		8.786992e-01		7.724566e-01
2.002002e+03		9.371359e-01		8.783726e-01		7.718788e-01
2.102102e+03		9.377530e-01		8.795396e-01		7.739486e-01
2.202202e+03		9.376041e-01		8.792590e-01		7.734474e-01
2.302302e+03		9.370645e-01		8.782374e-01		7.716366e-01
2.402402e+03		9.374435e-01		8.789574e-01		7.729224e-01
2.502503e+03		9.373304e-01		8.787465e-01		7.725434e-01
2.602603e+03		9.375608e-01		8.791716e-01		7.732816e-01
2.702703e+03		9.373528e-01		8.787826e-01		7.726134e-01
2.802803e+03		9.379955e-01		8.799966e-01		7.747635e-01
2.902903e+03		9.375608e-01		8.791802e-01		7.733077e-01
3.003003e+03		9.376990e-01		8.794357e-01		7.737676e-01
3.103103e+03		9.373621e-01		8.788035e-01		7.726427e-01
3.203203e+03		9.372297e-01		8.785550e-01		7.722107e-01
3.303303e+03		9.376339e-01		8.793124e-01		7.735396e-01
3.403403e+03		9.376339e-01		8.793124e-01		7.735396e-01
3.503504e+03		9.375777e-01		8.792050e-01		7.733405e-01
3.603604e+03		9.375777e-01		8.792050e-01		7.733405e-01
3.703704e+03		9.374465e-01		8.789658e-01		7.729371e-01
3.803804e+03		9.380511e-01		8.800969e-01		7.749210e-01
3.903904e+03		9.376369e-01		8.793203e-01		7.735604e-01
4.004004e+03		9.376369e-01		8.793203e-01		7.735604e-01
4.104104e+03		9.374032e-01		8.788782e-01		7.727685e-01
4.204204e+03		9.374032e-01		8.788782e-01		7.727685e-01
4.304304e+03		9.375964e-01		8.792434e-01		7.734253e-01
4.404404e+03		9.378378e-01		8.796990e-01		7.742327e-01
4.504505e+03		9.375854e-01		8.792236e-01		7.733790e-01
4.604605e+03		9.378901e-01		8.797884e-01		7.743738e-01
4.704705e+03		9.375039e-01		8.790688e-01		7.731036e-01
4.804805e+03		9.375039e-01		8.790688e-01		7.731036e-01
4.904905e+03		9.376949e-01		8.794292e-01		7.737441e-01
5.005005e+03		9.376949e-01		8.794292e-01		7.737441e-01
5.105105e+03		9.378010e-01		8.796320e-01		7.741244e-01
5.205205e+03		9.372027e-01		8.785032e-01		7.721304e-01
5.305305e+03		9.376937e-01		8.794209e-01		7.737386e-01
5.405405e+03		9.373674e-01		8.788174e-01		7.726859e-01
5.505506e+03		9.375034e-01		8.790676e-01		7.731030e-01
5.605606e+03		9.375034e-01		8.790676e-01		7.731030e-01
5.705706e+03		9.379732e-01		8.799531e-01		7.746799e-01
5.805806e+03		9.379732e-01		8.799531e-01		7.746799e-01
5.905906e+03		9.373844e-01		8.788438e-01		7.727184e-01
6.006006e+03		9.378971e-01		8.798043e-01		7.744055e-01
6.106106e+03		9.373393e-01		8.787584e-01		7.725493e-01
6.206206e+03		9.373099e-01		8.787015e-01		7.724557e-01
6.306306e+03		9.376492e-01		8.793515e-01		7.736186e-01
6.406406e+03		9.376492e-01		8.793515e-01		7.736186e-01
6.506507e+03		9.376539e-01		8.793509e-01		7.736054e-01
6.606607e+03		9.371055e-01		8.783190e-01		7.717845e-01
6.706707e+03		9.377336e-01		8.795029e-01		7.738769e-01
6.806807e+03		9.374113e-01		8.789028e-01		7.728373e-01
6.906907e+03		9.378226e-01		8.796649e-01		7.741547e-01
7.007007e+03		9.378226e-01		8.796649e-01		7.741547e-01
7.107107e+03		9.375625e-01		8.791815e-01		7.733190e-01
7.207207e+03		9.375625e-01		8.791815e-01		7.733190e-01
7.307307e+03		9.376217e-01		8.792929e-01		7.735149e-01
7.407407e+03		9.373229e-01		8.787335e-01		7.725248e-01
7.507508e+03		9.377565e-01		8.795482e-01		7.739701e-01
7.607608e+03		9.372883e-01		8.786624e-01		7.723883e-01
7.707708e+03		9.376094e-01		8.792661e-01		7.734707e-01
7.807808e+03		9.376094e-01		8.792661e-01		7.734707e-01
7.907908e+03		9.377987e-01		8.796239e-01		7.740858e-01
8.008008e+03		9.376679e-01		8.793771e-01		7.736584e-01
8.108108e+03		9.376679e-01		8.793771e-01		7.736584e-01
8.208208e+03		9.380131e-01		8.800179e-01		7.747676e-01
8.308308e+03		9.377424e-01		8.795174e-01		7.739107e-01
8.408408e+03		9.377746e-01		8.795861e-01		7.740561e-01
8.508509e+03		9.377746e-01		8.795861e-01		7.740561e-01
8.608609e+03		9.376082e-01		8.792643e-01		7.734630e-01
8.708709e+03		9.376082e-01		8.792643e-01		7.734630e-01
8.808809e+03		9.371711e-01		8.784466e-01		7.720217e-01
8.908909e+03		9.370744e-01		8.782589e-01		7.716705e-01
9.009009e+03		9.373533e-01		8.787858e-01		7.726160e-01
9.109109e+03		9.377571e-01		8.795505e-01		7.739734e-01
9.209209e+03		9.377571e-01		8.795505e-01		7.739734e-01
9.309309e+03		9.380448e-01		8.800793e-01		7.748783e-01
9.409409e+03		9.376908e-01		8.794174e-01		7.737332e-01
9.509510e+03		9.376908e-01		8.794174e-01		7.737332e-01
9.609610e+03		9.375572e-01		8.791670e-01		7.732748e-01
9.709710e+03		9.379117e-01		8.798344e-01		7.744628e-01
9.809810e+03		9.377389e-01		8.795173e-01		7.739236e-01
9.909910e+03		9.378162e-01		8.796552e-01		7.741417e-01
1.001001e+04		9.378162e-01		8.796552e-01		7.741417e-01
1.011011e+04		9.379158e-01		8.798359e-01		7.744481e-01
1.021021e+04		9.378057e-01		8.796316e-01		7.741088e-01
1.031031e+04		9.378057e-01		8.796316e-01		7.741088e-01
1.041041e+04		9.372637e-01		8.786171e-01		7.723119e-01
1.051051e+04		9.376433e-01		8.793319e-01		7.735776e-01
1.061061e+04		9.373328e-01		8.787508e-01		7.725485e-01
1.071071e+04		9.379082e-01		8.798306e-01		7.744801e-01
1.081081e+04		9.372865e-01		8.786627e-01		7.723975e-01
1.091091e+04		9.372865e-01		8.786627e-01		7.723975e-01
1.101101e+04		9.372924e-01		8.786809e-01		7.724492e-01
1.111111e+04		9.372924e-01		8.786809e-01		7.724492e-01
1.121121e+04		9.378771e-01		8.797696e-01		7.743589e-01
1.131131e+04		9.374746e-01		8.790115e-01		7.730030e-01
1.141141e+04		9.379024e-01		8.798190e-01		7.744435e-01
1.151151e+04		9.379024e-01		8.798190e-01		7.744435e-01
1.161161e+04		9.372028e-01		8.785070e-01		7.721303e-01
1.171171e+04		9.372028e-01		8.785070e-01		7.721303e-01
1.181181e+04		9.374271e-01		8.789210e-01		7.728520e-01
1.191191e+04		9.376246e-01		8.793015e-01		7.735176e-01
1.201201e+04		9.373510e-01		8.787775e-01		7.725931e-01
1.211211e+04		9.382545e-01		8.804817e-01		7.756119e-01
1.221221e+04		9.379950e-01		8.799934e-01		7.747584e-01
1.231231e+04		9.379950e-01		8.799934e-01		7.747584e-01
1.241241e+04		9.374547e-01		8.789760e-01		7.729366e-01
1.251251e+04		9.374547e-01		8.789760e-01		7.729366e-01
1.261261e+04		9.371747e-01		8.784495e-01		7.720282e-01
1.271271e+04		9.372444e-01		8.785792e-01		7.722511e-01
1.281281e+04		9.372988e-01		8.786799e-01		7.724221e-01
1.291291e+04		9.372988e-01		8.786799e-01		7.724221e-01
1.301301e+04		9.375121e-01		8.790896e-01		7.731587e-01
1.311311e+04		9.375121e-01		8.790896e-01		7.731587e-01
1.321321e+04		9.375472e-01		8.791510e-01		7.732638e-01
1.331331e+04		9.377043e-01		8.794470e-01		7.737782e-01
1.341341e+04		9.371055e-01		8.783176e-01		7.717828e-01
1.351351e+04		9.375941e-01		8.792516e-01		7.734682e-01
1.361361e+04		9.380096e-01		8.800106e-01		7.747480e-01
1.371371e+04		9.380096e-01		8.800106e-01		7.747480e-01
1.381381e+04		9.379399e-01		8.798777e-01		7.745258e-01
1.391391e+04		9.379399e-01		8.798777e-01		7.745258e-01
1.401401e+04		9.376815e-01		8.794037e-01		7.736968e-01
1.411411e+04		9.372836e-01		8.786553e-01		7.723888e-01
1.421421e+04		9.378824e-01		8.797749e-01		7.743506e-01
1.431431e+04		9.373844e-01		8.788506e-01		7.727424e-01
1.441441e+04		9.375121e-01		8.790824e-01		7.731448e-01
1.451451e+04		9.375121e-01		8.790824e-01		7.731448e-01
1.461461e+04		9.375408e-01		8.791385e-01		7.732463e-01
1.471471e+04		9.375408e-01		8.791385e-01		7.732463e-01
1.481481e+04		9.379938e-01		8.799892e-01		7.747398e-01
1.491491e+04		9.377952e-01		8.796183e-01		7.740795e-01
1.501502e+04		9.375338e-01		8.791234e-01		7.732141e-01
1.511512e+04		9.375338e-01		8.791234e-01		7.732141e-01
1.521522e+04		9.376879e-01		8.794100e-01		7.737108e-01
1.531532e+04		9.376879e-01		8.794100e-01		7.737108e-01
1.541542e+04		9.377108e-01		8.794642e-01		7.738167e-01
1.551552e+04		9.379193e-01		8.798530e-01		7.745030e-01
1.561562e+04		9.378678e-01		8.797530e-01		7.743418e-01
1.571572e+04		9.375226e-01		8.791095e-01		7.731864e-01
1.581582e+04		9.377283e-01		8.794906e-01		7.738498e-01
1.591592e+04		9.377283e-01		8.794906e-01		7.738498e-01
1.601602e+04		9.374535e-01		8.789816e-01		7.729683e-01
1.611612e+04		9.374535e-01		8.789816e-01		7.729683e-01
1.621622e+04		9.374547e-01		8.789792e-01		7.729409e-01
1.631632e+04		9.371986e-01		8.784974e-01		7.721085e-01
1.641642e+04		9.374283e-01		8.789393e-01		7.729075e-01
1.651652e+04		9.376610e-01		8.793643e-01		7.736342e-01
1.661662e+04		9.377940e-01		8.796133e-01		7.740745e-01
1.671672e+04		9.377940e-01		8.796133e-01		7.740745e-01
1.681682e+04		9.378397e-01		8.797021e-01		7.742246e-01
1.691692e+04		9.378397e-01		8.797021e-01		7.742246e-01
1.701702e+04		9.375051e-01		8.790729e-01		7.731200e-01
1.711712e+04		9.376369e-01		8.793131e-01		7.735327e-01
1.721722e+04		9.379270e-01		8.798692e-01		7.745236e-01
1.731732e+04		9.379498e-01		8.799054e-01		7.745917e-01
1.741742e+04		9.379498e-01		8.799054e-01		7.745917e-01
1.751752e+04		9.372696e-01		8.786330e-01		7.723661e-01
1.761762e+04		9.372696e-01		8.786330e-01		7.723661e-01
1.771772e+04		9.380073e-01		8.800092e-01		7.747696e-01
1.781782e+04		9.380242e-01		8.800485e-01		7.748466e-01
1.791792e+04		9.373235e-01		8.787246e-01		7.725025e-01
1.801802e+04		9.373235e-01		8.787246e-01		7.725025e-01
1.811812e+04		9.376269e-01		8.793080e-01		7.735360e-01
1.821822e+04		9.376269e-01		8.793080e-01		7.735360e-01
1.831832e+04		9.377939e-01		8.796162e-01		7.740761e-01
1.841842e+04		9.380670e-01		8.801256e-01		7.749699e-01
1.851852e+04		9.377623e-01		8.795628e-01		7.740124e-01
1.861862e+04		9.378004e-01		8.796309e-01		7.741123e-01
1.871872e+04		9.377594e-01		8.795483e-01		7.739588e-01
1.881882e+04		9.377594e-01		8.795483e-01		7.739588e-01
1.891892e+04		9.377922e-01		8.796095e-01		7.740582e-01
1.901902e+04		9.377922e-01		8.796095e-01		7.740582e-01
1.911912e+04		9.380588e-01		8.801149e-01		7.749732e-01
1.921922e+04		9.372115e-01		8.785228e-01		7.721517e-01
1.931932e+04		9.370451e-01		8.782163e-01		7.716332e-01
1.941942e+04		9.370609e-01		8.782357e-01		7.716428e-01
1.951952e+04		9.375391e-01		8.791398e-01		7.732419e-01
1.961962e+04		9.375391e-01		8.791398e-01		7.732419e-01
1.971972e+04		9.374207e-01		8.789158e-01		7.728444e-01
1.981982e+04		9.374207e-01		8.789158e-01		7.728444e-01
1.991992e+04		9.374799e-01		8.790268e-01		7.730471e-01
2.002002e+04		9.377682e-01		8.795683e-01		7.739929e-01
2.012012e+04		9.370569e-01		8.782332e-01		7.716425e-01
2.022022e+04		9.370569e-01		8.782332e-01		7.716425e-01
2.032032e+04		9.378977e-01		8.798031e-01		7.743999e-01
2.042042e+04		9.378977e-01		8.798031e-01		7.743999e-01
2.052052e+04		9.376223e-01		8.792947e-01		7.735117e-01
2.062062e+04		9.376867e-01		8.794136e-01		7.737309e-01
2.072072e+04		9.377547e-01		8.795474e-01		7.739705e-01
2.082082e+04		9.376440e-01		8.793355e-01		7.735866e-01
2.092092e+04		9.370023e-01		8.781282e-01		7.714486e-01
2.102102e+04		9.370023e-01		8.781282e-01		7.714486e-01
2.112112e+04		9.373715e-01		8.788162e-01		7.726676e-01
2.122122e+04		9.373715e-01		8.788162e-01		7.726676e-01
2.132132e+04		9.373282e-01		8.787431e-01		7.725381e-01
2.142142e+04		9.379568e-01		8.799132e-01		7.745963e-01
2.152152e+04		9.372655e-01		8.786183e-01		7.723162e-01
2.162162e+04		9.376105e-01		8.792674e-01		7.734612e-01
2.172172e+04		9.372467e-01		8.785853e-01		7.722525e-01
2.182182e+04		9.372467e-01		8.785853e-01		7.722525e-01
2.192192e+04		9.378666e-01		8.797495e-01		7.743174e-01
2.202202e+04		9.376656e-01		8.793748e-01		7.736573e-01
2.212212e+04		9.376656e-01		8.793748e-01		7.736573e-01
2.222222e+04		9.377043e-01		8.794462e-01		7.737817e-01
2.232232e+04		9.376129e-01		8.792817e-01		7.734936e-01
2.242242e+04		9.376129e-01		8.792817e-01		7.734936e-01
2.252252e+04		9.380002e-01		8.799948e-01		7.747246e-01
2.262262e+04		9.380002e-01		8.799948e-01		7.747246e-01
2.272272e+04		9.372813e-01		8.786524e-01		7.723884e-01
2.282282e+04		9.378450e-01		8.797154e-01		7.742659e-01
2.292292e+04		9.374248e-01		8.789159e-01		7.728376e-01
2.302302e+04		9.376486e-01		8.793391e-01		7.735841e-01
2.312312e+04		9.374196e-01		8.789134e-01		7.728372e-01
2.322322e+04		9.374196e-01		8.789134e-01		7.728372e-01
2.332332e+04		9.377606e-01		8.795525e-01		7.739792e-01
2.342342e+04		9.377606e-01		8.795525e-01		7.739792e-01
2.352352e+04		9.377817e-01		8.795905e-01		7.740353e-01
2.362362e+04		9.376961e-01		8.794321e-01		7.737622e-01
2.372372e+04		9.376867e-01		8.794077e-01		7.737032e-01
2.382382e+04		9.376867e-01		8.794077e-01		7.737032e-01
2.392392e+04		9.372532e-01		8.786064e-01		7.723133e-01
2.402402e+04		9.372532e-01		8.786064e-01		7.723133e-01
2.412412e+04		9.375871e-01		8.792239e-01		7.733896e-01
2.422422e+04		9.378572e-01		8.797297e-01		7.742577e-01
2.432432e+04		9.377102e-01		8.794659e-01		7.738232e-01
2.442442e+04		9.376404e-01		8.793294e-01		7.735705e-01
2.452452e+04		9.376920e-01		8.794253e-01		7.737559e-01
2.462462e+04		9.376920e-01		8.794253e-01		7.737559e-01
2.472472e+04		9.379152e-01		8.798455e-01		7.744839e-01
2.482482e+04		9.379152e-01		8.798455e-01		7.744839e-01
2.492492e+04		9.374910e-01		8.790470e-01		7.730851e-01
2.502503e+04		9.378760e-01		8.797699e-01		7.743533e-01
2.512513e+04		9.376176e-01		8.792882e-01		7.735077e-01
2.522523e+04		9.374383e-01		8.789469e-01		7.728980e-01
2.532533e+04		9.375865e-01		8.792220e-01		7.733700e-01
2.542543e+04		9.375865e-01		8.792220e-01		7.733700e-01
2.552553e+04		9.375069e-01		8.790661e-01		7.731018e-01
2.562563e+04		9.375069e-01		8.790661e-01		7.731018e-01
2.572573e+04		9.378625e-01		8.797436e-01		7.743104e-01
2.582583e+04		9.376996e-01		8.794336e-01		7.737454e-01
2.592593e+04		9.375784e-01		8.792145e-01		7.733804e-01
2.602603e+04		9.379077e-01		8.798290e-01		7.744533e-01
2.612613e+04		9.379077e-01		8.798290e-01		7.744533e-01
2.622623e+04		9.371887e-01		8.784780e-01		7.720733e-01
2.632633e+04		9.370059e-01		8.781348e-01		7.714628e-01
2.642643e+04		9.370059e-01		8.781348e-01		7.714628e-01
2.652653e+04		9.374571e-01		8.789780e-01		7.729424e-01
2.662663e+04		9.376761e-01		8.793935e-01		7.736860e-01
2.672673e+04		9.376761e-01		8.793935e-01		7.736860e-01
2.682683e+04		9.378414e-01		8.796963e-01		7.741962e-01
2.692693e+04		9.378414e-01		8.796963e-01		7.741962e-01
2.702703e+04		9.374067e-01		8.788823e-01		7.727650e-01
2.712713e+04		9.378783e-01		8.797652e-01		7.743404e-01
2.722723e+04		9.377061e-01		8.794474e-01		7.737822e-01
2.732733e+04		9.375478e-01		8.791513e-01		7.732565e-01
2.742743e+04		9.371306e-01		8.783705e-01		7.718892e-01
2.752753e+04		9.371306e-01		8.783705e-01		7.718892e-01
2.762763e+04		9.377002e-01		8.794385e-01		7.737552e-01
2.772773e+04		9.377002e-01		8.794385e-01		7.737552e-01
2.782783e+04		9.375443e-01		8.791513e-01		7.732717e-01
2.792793e+04		9.374324e-01		8.789387e-01		7.728966e-01
2.802803e+04		9.376580e-01		8.793618e-01		7.736340e-01
2.812813e+04		9.375426e-01		8.791427e-01		7.732388e-01
2.822823e+04		9.376012e-01		8.792533e-01		7.734407e-01
2.832833e+04		9.376012e-01		8.792533e-01		7.734407e-01
2.842843e+04		9.380049e-01		8.800163e-01		7.748056e-01
2.852853e+04		9.380049e-01		8.800163e-01		7.748056e-01
2.862863e+04		9.380295e-01		8.800566e-01		7.748595e-01
2.872873e+04		9.374734e-01		8.790182e-01		7.730352e-01
2.882883e+04		9.376293e-01		8.793096e-01		7.735441e-01
2.892893e+04		9.377483e-01		8.795248e-01		7.739052e-01
2.902903e+04		9.377483e-01		8.795248e-01		7.739052e-01
2.912913e+04		9.377371e-01		8.795153e-01		7.739123e-01
2.922923e+04		9.377371e-01		8.795153e-01		7.739123e-01
2.932933e+04		9.374606e-01		8.789848e-01		7.729605e-01
2.942943e+04		9.380172e-01		8.800315e-01		7.748034e-01
2.952953e+04		9.379065e-01		8.798223e-01		7.744399e-01
2.962963e+04		9.374840e-01		8.790388e-01		7.730805e-01
2.972973e+04		9.378514e-01		8.797236e-01		7.742636e-01
2.982983e+04		9.378514e-01		8.797236e-01		7.742636e-01
2.992993e+04		9.378655e-01		8.797424e-01		7.742950e-01
3.003003e+04		9.378655e-01		8.797424e-01		7.742950e-01
3.013013e+04		9.378004e-01		8.796201e-01		7.740771e-01
3.023023e+04		9.373779e-01		8.788418e-01		7.727388e-01
3.033033e+04		9.375877e-01		8.792278e-01		7.733925e-01
3.043043e+04		9.376505e-01		8.793464e-01		7.735983e-01
3.053053e+04		9.375959e-01		8.792466e-01		7.734355e-01
3.063063e+04		9.375959e-01		8.792466e-01		7.734355e-01
3.073073e+04		9.379891e-01		8.799796e-01		7.747165e-01
3.083083e+04		9.379891e-01		8.799796e-01		7.747165e-01
3.093093e+04		9.376545e-01		8.793511e-01		7.736023e-01
3.103103e+04		9.377248e-01		8.794800e-01		7.738324e-01
3.113113e+04		9.374324e-01		8.789360e-01		7.728790e-01
3.123123e+04		9.374324e-01		8.789360e-01		7.728790e-01
3.133133e+04		9.372736e-01		8.786428e-01		7.723689e-01
3.143143e+04		9.372736e-01		8.786428e-01		7.723689e-01
3.153153e+04		9.373533e-01		8.787861e-01		7.726090e-01
3.163163e+04		9.376674e-01		8.793710e-01		7.736307e-01
3.173173e+04		9.377641e-01		8.795581e-01		7.739850e-01
3.183183e+04		9.381636e-01		8.803081e-01		7.752893e-01
3.193193e+04		9.376153e-01		8.792815e-01		7.734934e-01
3.203203e+04		9.376153e-01		8.792815e-01		7.734934e-01
3.213213e+04		9.375777e-01		8.792080e-01		7.733601e-01
3.223223e+04		9.375777e-01		8.792080e-01		7.733601e-01
3.233233e+04		9.379510e-01		8.799109e-01		7.745967e-01
3.243243e+04		9.376990e-01		8.794336e-01		7.737498e-01
3.253253e+04		9.371008e-01		8.783185e-01		7.717949e-01
3.263263e+04		9.374711e-01		8.790021e-01		7.729837e-01
3.273273e+04		9.378707e-01		8.797474e-01		7.742911e-01
3.283283e+04		9.380605e-01		8.801161e-01		7.749637e-01
3.293293e+04		9.376416e-01		8.793218e-01		7.735562e-01
3.303303e+04		9.376416e-01		8.793218e-01		7.735562e-01
3.313313e+04		9.372086e-01		8.785106e-01		7.721208e-01
3.323323e+04		9.378327e-01		8.796846e-01		7.742004e-01
3.333333e+04		9.377230e-01		8.794786e-01		7.738367e-01
3.343343e+04		9.377230e-01		8.794786e-01		7.738367e-01
3.353353e+04		9.372959e-01		8.786780e-01		7.724158e-01
3.363363e+04		9.372959e-01		8.786780e-01		7.724158e-01
3.373373e+04		9.377752e-01		8.795768e-01		7.739957e-01
3.383383e+04		9.374682e-01		8.790028e-01		7.729956e-01
3.393393e+04		9.376305e-01		8.793074e-01		7.735408e-01
3.403403e+04		9.375062e-01		8.790745e-01		7.731183e-01
3.413413e+04		9.377061e-01		8.794505e-01		7.737957e-01
3.423423e+04		9.377061e-01		8.794505e-01		7.737957e-01
3.433433e+04		9.372678e-01		8.786299e-01		7.723501e-01
3.443443e+04		9.372678e-01		8.786299e-01		7.723501e-01
3.453453e+04		9.375479e-01		8.791521e-01		7.732639e-01
3.463463e+04		9.379709e-01		8.799420e-01		7.746533e-01
3.473473e+04		9.378168e-01		8.796548e-01		7.741510e-01
3.483483e+04		9.376627e-01		8.793657e-01		7.736237e-01
3.493493e+04		9.378783e-01		8.797709e-01		7.743461e-01
3.503504e+04		9.378783e-01		8.797709e-01		7.743461e-01
3.513514e+04		9.371512e-01		8.784064e-01		7.719472e-01
3.523524e+04		9.371512e-01		8.784064e-01		7.719472e-01
3.533534e+04		9.377418e-01		8.795121e-01		7.738864e-01
3.543544e+04		9.376070e-01		8.792636e-01		7.734442e-01
3.553554e+04		9.378537e-01		8.797213e-01		7.742556e-01
3.563564e+04		9.378537e-01		8.797213e-01		7.742556e-01
3.573574e+04		9.380881e-01		8.801661e-01		7.750455e-01
3.583584e+04		9.380881e-01		8.801661e-01		7.750455e-01
3.593594e+04		9.376381e-01		8.793210e-01		7.735610e-01
3.603604e+04		9.373581e-01		8.787869e-01		7.726064e-01
3.613614e+04		9.373299e-01		8.787457e-01		7.725477e-01
3.623624e+04		9.376041e-01		8.792596e-01		7.734505e-01
3.633634e+04		9.376774e-01		8.793966e-01		7.736949e-01
3.643644e+04		9.376774e-01		8.793966e-01		7.736949e-01
3.653654e+04		9.372045e-01		8.785081e-01		7.721285e-01
3.663664e+04		9.372045e-01		8.785081e-01		7.721285e-01
3.673674e+04		9.375514e-01		8.791537e-01		7.732441e-01
3.683684e+04		9.372988e-01		8.786873e-01		7.724496e-01
3.693694e+04		9.375619e-01		8.791913e-01		7.733402e-01
3.703704e+04		9.375619e-01		8.791913e-01		7.733402e-01
3.713714e+04		9.372168e-01		8.785304e-01		7.721592e-01
3.723724e+04		9.372168e-01		8.785304e-01		7.721592e-01
3.733734e+04		9.370439e-01		8.782062e-01		7.715942e-01
3.743744e+04		9.371002e-01		8.783110e-01		7.717808e-01
3.753754e+04		9.376357e-01		8.793121e-01		7.735383e-01
3.763764e+04		9.372514e-01		8.785953e-01		7.722832e-01
3.773774e+04		9.378285e-01		8.796748e-01		7.741670e-01
3.783784e+04		9.378285e-01		8.796748e-01		7.741670e-01
3.793794e+04		9.373926e-01		8.788574e-01		7.727332e-01
3.803804e+04		9.373926e-01		8.788574e-01		7.727332e-01
3.813814e+04		9.377664e-01		8.795607e-01		7.739891e-01
3.823824e+04		9.380957e-01		8.801747e-01		7.750636e-01
3.833834e+04		9.376240e-01		8.792945e-01		7.735060e-01
3.843844e+04		9.376481e-01		8.793366e-01		7.735718e-01
3.853854e+04		9.378901e-01		8.797907e-01		7.744011e-01
3.863864e+04		9.378901e-01		8.797907e-01		7.744011e-01
3.873874e+04		9.378186e-01		8.796551e-01		7.741449e-01
3.883884e+04		9.378186e-01		8.796551e-01		7.741449e-01
3.893894e+04		9.373815e-01		8.788398e-01		7.727069e-01
3.903904e+04		9.374998e-01		8.790567e-01		7.730808e-01
3.913914e+04		9.376756e-01		8.793848e-01		7.736476e-01
3.923924e+04		9.376756e-01		8.793848e-01		7.736476e-01
3.933934e+04		9.373299e-01		8.787485e-01		7.725602e-01
3.943944e+04		9.373299e-01		8.787485e-01		7.725602e-01
3.953954e+04		9.380383e-01		8.800757e-01		7.748962e-01
3.963964e+04		9.377787e-01		8.795854e-01		7.740163e-01
3.973974e+04		9.376211e-01		8.792924e-01		7.735149e-01
3.983984e+04		9.374635e-01		8.789941e-01		7.729884e-01
3.993994e+04		9.375607e-01		8.791803e-01		7.733151e-01
4.004004e+04		9.375607e-01		8.791803e-01		7.733151e-01
4.014014e+04		9.372285e-01		8.785568e-01		7.722192e-01
4.024024e+04		9.372285e-01		8.785568e-01		7.722192e-01
4.034034e+04		9.375080e-01		8.790786e-01		7.731412e-01
4.044044e+04		9.376106e-01		8.792784e-01		7.735013e-01
4.054054e+04		9.376135e-01		8.792652e-01		7.734425e-01
4.064064e+04		9.375109e-01		8.790847e-01		7.731479e-01
4.074074e+04		9.373434e-01		8.787737e-01		7.726108e-01
4.084084e+04		9.373434e-01		8.787737e-01		7.726108e-01
4.094094e+04		9.379498e-01		8.798998e-01		7.745715e-01
4.104104e+04		9.379498e-01		8.798998e-01		7.745715e-01
4.114114e+04		9.375273e-01		8.791098e-01		7.731786e-01
4.124124e+04		9.373850e-01		8.788426e-01		7.727046e-01
4.134134e+04		9.374365e-01		8.789521e-01		7.729186e-01
4.144144e+04		9.374365e-01		8.789521e-01		7.729186e-01
4.154154e+04		9.379979e-01		8.800023e-01		7.747588e-01
4.164164e+04		9.379979e-01		8.800023e-01		7.747588e-01
4.174174e+04		9.378133e-01		8.796525e-01		7.741388e-01
4.184184e+04		9.375484e-01		8.791520e-01		7.732546e-01
4.194194e+04		9.374441e-01		8.789666e-01		7.729428e-01
4.204204e+04		9.373117e-01		8.787093e-01		7.724869e-01
4.214214e+04		9.374225e-01		8.789106e-01		7.728141e-01
4.224224e+04		9.374225e-01		8.789106e-01		7.728141e-01
4.234234e+04		9.373838e-01		8.788454e-01		7.727164e-01
4.244244e+04		9.373838e-01		8.788454e-01		7.727164e-01
4.254254e+04		9.377219e-01		8.794762e-01		7.738376e-01
4.264264e+04		9.378561e-01		8.797293e-01		7.742828e-01
4.274274e+04		9.374857e-01		8.790390e-01		7.730576e-01
4.284284e+04		9.375531e-01		8.791647e-01		7.732801e-01
4.294294e+04		9.377723e-01		8.795744e-01		7.739934e-01
4.304304e+04		9.377723e-01		8.795744e-01		7.739934e-01
4.314314e+04		9.378402e-01		8.797002e-01		7.742157e-01
4.324324e+04		9.378402e-01		8.797002e-01		7.742157e-01
4.334334e+04		9.378754e-01		8.797601e-01		7.743223e-01
4.344344e+04		9.376006e-01		8.792539e-01		7.734539e-01
4.354354e+04		9.376481e-01		8.793373e-01		7.735813e-01
4.364364e+04		9.373216e-01		8.787336e-01		7.725329e-01
4.374374e+04		9.375484e-01		8.791516e-01		7.732563e-01
4.384384e+04		9.375484e-01		8.791516e-01		7.732563e-01
4.394394e+04		9.375707e-01		8.791967e-01		7.733443e-01
4.404404e+04		9.375707e-01		8.791967e-01		7.733443e-01
4.414414e+04		9.375308e-01		8.791270e-01		7.732301e-01
4.424424e+04		9.377676e-01		8.795633e-01		7.739866e-01
4.434434e+04		9.376469e-01		8.793319e-01		7.735667e-01
4.444444e+04		9.376469e-01		8.793319e-01		7.735667e-01
4.454454e+04		9.380178e-01		8.800301e-01		7.747941e-01
4.464464e+04		9.380178e-01		8.800301e-01		7.747941e-01
4.474474e+04		9.373293e-01		8.787395e-01		7.725285e-01
4.484484e+04		9.374986e-01		8.790558e-01		7.730800e-01
4.494494e+04		9.377330e-01		8.794938e-01		7.738494e-01
4.504505e+04		9.374447e-01		8.789629e-01		7.729339e-01
4.514515e+04		9.376633e-01		8.793665e-01		7.736407e-01
4.524525e+04		9.375648e-01		8.791926e-01		7.733440e-01
4.534535e+04		9.375648e-01		8.791926e-01		7.733440e-01
4.544545e+04		9.377442e-01		8.795145e-01		7.738859e-01
4.554555e+04		9.377442e-01		8.795145e-01		7.738859e-01
4.564565e+04		9.376146e-01		8.792802e-01		7.734936e-01
4.574575e+04		9.373697e-01		8.788163e-01		7.726777e-01
4.584585e+04		9.373697e-01		8.788163e-01		7.726777e-01
4.594595e+04		9.375039e-01		8.790741e-01		7.731415e-01
4.604605e+04		9.370738e-01		8.782679e-01		7.717160e-01
4.614615e+04		9.370738e-01		8.782679e-01		7.717160e-01
4.624625e+04		9.371582e-01		8.784226e-01		7.719720e-01
4.634635e+04		9.372297e-01		8.785546e-01		7.722023e-01
4.644645e+04		9.373252e-01		8.787313e-01		7.725131e-01
4.654655e+04		9.379680e-01		8.799474e-01		7.746742e-01
4.664665e+04		9.376398e-01		8.793253e-01		7.735731e-01
4.674675e+04		9.376398e-01		8.793253e-01		7.735731e-01
4.684685e+04		9.374084e-01		8.788895e-01		7.727861e-01
4.694695e+04		9.374084e-01		8.788895e-01		7.727861e-01
4.704705e+04		9.372748e-01		8.786358e-01		7.723405e-01
4.714715e+04		9.371148e-01		8.783413e-01		7.718244e-01
4.724725e+04		9.372103e-01		8.785139e-01		7.721254e-01
4.734735e+04		9.372103e-01		8.785139e-01		7.721254e-01
4.744745e+04		9.372690e-01		8.786396e-01		7.723819e-01
4.754755e+04		9.372690e-01		8.786396e-01		7.723819e-01
4.764765e+04		9.372303e-01		8.785593e-01		7.722200e-01
4.774775e+04		9.372637e-01		8.786241e-01		7.723462e-01
4.784785e+04		9.372555e-01		8.786048e-01		7.722980e-01
4.794795e+04		9.370610e-01		8.782383e-01		7.716443e-01
4.804805e+04		9.373756e-01		8.788392e-01		7.727200e-01
4.814815e+04		9.373756e-01		8.788392e-01		7.727200e-01
4.824825e+04		9.375596e-01		8.791768e-01		7.733204e-01
4.834835e+04		9.375596e-01		8.791768e-01		7.733204e-01
4.844845e+04		9.378748e-01		8.797662e-01		7.743517e-01
4.854855e+04		9.374143e-01		8.788998e-01		7.728294e-01
4.864865e+04		9.377658e-01		8.795545e-01		7.739643e-01
4.874875e+04		9.373381e-01		8.787590e-01		7.725650e-01
4.884885e+04		9.372449e-01		8.785856e-01		7.722550e-01
4.894895e+04		9.372449e-01		8.785856e-01		7.722550e-01
4.904905e+04		9.377576e-01		8.795459e-01		7.739643e-01
4.914915e+04		9.372344e-01		8.785637e-01		7.722142e-01
4.924925e+04		9.375004e-01		8.790610e-01		7.730942e-01
4.934935e+04		9.376099e-01		8.792603e-01		7.734337e-01
4.944945e+04		9.376645e-01		8.793771e-01		7.736646e-01
4.954955e+04		9.376645e-01		8.793771e-01		7.736646e-01
4.964965e+04		9.380038e-01		8.800146e-01		7.748016e-01
4.974975e+04		9.380038e-01		8.800146e-01		7.748016e-01
4.984985e+04		9.377593e-01		8.795532e-01		7.739728e-01
4.994995e+04		9.371377e-01		8.783841e-01		7.719037e-01
5.005005e+04		9.377008e-01		8.794420e-01		7.737842e-01
5.015015e+04		9.375655e-01		8.791886e-01		7.733413e-01
5.025025e+04		9.376797e-01		8.794003e-01		7.736958e-01
5.035035e+04		9.376797e-01		8.794003e-01		7.736958e-01
5.045045e+04		9.379844e-01		8.799735e-01		7.747300e-01
5.055055e+04		9.379844e-01		8.799735e-01		7.747300e-01
5.065065e+04		9.375461e-01		8.791490e-01		7.732424e-01
5.075075e+04		9.374324e-01		8.789424e-01		7.729028e-01
5.085085e+04		9.379386e-01		8.798793e-01		7.745313e-01
5.095095e+04		9.379386e-01		8.798793e-01		7.745313e-01
5.105105e+04		9.372771e-01		8.786398e-01		7.723463e-01
5.115115e+04		9.372771e-01		8.786398e-01		7.723463e-01
5.125125e+04		9.378367e-01		8.796919e-01		7.742081e-01
5.135135e+04		9.377359e-01		8.795049e-01		7.738839e-01
5.145145e+04		9.376832e-01		8.794048e-01		7.736901e-01
5.155155e+04		9.375812e-01		8.792144e-01		7.733642e-01
5.165165e+04		9.374565e-01		8.789768e-01		7.729421e-01
5.175175e+04		9.374565e-01		8.789768e-01		7.729421e-01
5.185185e+04		9.374992e-01		8.790626e-01		7.731045e-01
5.195195e+04		9.376767e-01		8.793900e-01		7.736698e-01
5.205205e+04		9.376767e-01		8.793900e-01		7.736698e-01
5.215215e+04		9.379727e-01		8.799471e-01		7.746677e-01
5.225225e+04		9.372473e-01		8.785939e-01		7.722756e-01
5.235235e+04		9.378156e-01		8.796544e-01		7.741572e-01
5.245245e+04		9.378156e-01		8.796544e-01		7.741572e-01
5.255255e+04		9.373931e-01		8.788689e-01		7.727795e-01
5.265265e+04		9.373931e-01		8.788689e-01		7.727795e-01
5.275275e+04		9.373305e-01		8.787483e-01		7.725549e-01
5.285285e+04		9.371887e-01		8.784802e-01		7.720741e-01
5.295295e+04		9.377969e-01		8.796219e-01		7.740891e-01
5.305305e+04		9.378004e-01		8.796247e-01		7.740955e-01
5.315315e+04		9.374119e-01		8.788983e-01		7.728117e-01
5.325325e+04		9.374119e-01		8.788983e-01		7.728117e-01
5.335335e+04		9.374248e-01		8.789213e-01		7.728567e-01
5.345345e+04		9.374248e-01		8.789213e-01		7.728567e-01
5.355355e+04		9.378561e-01		8.797342e-01		7.742968e-01
5.365365e+04		9.371254e-01		8.783552e-01		7.718364e-01
5.375375e+04		9.378830e-01		8.797875e-01		7.743894e-01
5.385385e+04		9.379129e-01		8.798361e-01		7.744582e-01
5.395395e+04		9.378004e-01		8.796334e-01		7.741148e-01
5.405405e+04		9.378004e-01		8.796334e-01		7.741148e-01
5.415415e+04		9.372262e-01		8.785458e-01		7.721717e-01
5.425425e+04		9.372262e-01		8.785458e-01		7.721717e-01
5.435435e+04		9.372280e-01		8.785543e-01		7.722103e-01
5.445445e+04		9.380652e-01		8.801190e-01		7.749513e-01
5.455455e+04		9.374617e-01		8.789944e-01		7.729827e-01
5.465465e+04		9.374617e-01		8.789944e-01		7.729827e-01
5.475475e+04		9.370416e-01		8.782045e-01		7.715936e-01
5.485485e+04		9.370416e-01		8.782045e-01		7.715936e-01
5.495495e+04		9.377652e-01		8.795608e-01		7.739791e-01
5.505506e+04		9.377816e-01		8.795823e-01		7.740045e-01
5.515516e+04		9.379434e-01		8.798914e-01		7.745544e-01
5.525526e+04		9.375801e-01		8.792175e-01		7.733966e-01
5.535536e+04		9.373809e-01		8.788312e-01		7.726791e-01
5.545546e+04		9.373809e-01		8.788312e-01		7.726791e-01
5.555556e+04		9.377002e-01		8.794313e-01		7.737420e-01
5.565566e+04		9.377002e-01		8.794313e-01		7.737420e-01
5.575576e+04		9.374723e-01		8.790141e-01		7.730239e-01
5.585586e+04		9.377933e-01		8.796088e-01		7.740629e-01
5.595596e+04		9.374845e-01		8.790301e-01		7.730299e-01
5.605606e+04		9.376229e-01		8.792904e-01		7.734986e-01
5.615616e+04		9.372620e-01		8.786192e-01		7.723301e-01
5.625626e+04		9.372620e-01		8.786192e-01		7.723301e-01
5.635636e+04		9.378110e-01		8.796423e-01		7.741209e-01
5.645646e+04		9.378110e-01		8.796423e-01		7.741209e-01
5.655656e+04		9.373557e-01		8.787871e-01		7.726053e-01
5.665666e+04		9.376369e-01		8.793236e-01		7.735674e-01
5.675676e+04		9.377342e-01		8.795040e-01		7.738885e-01
5.685686e+04		9.381221e-01		8.802260e-01		7.751386e-01
5.695696e+04		9.375971e-01		8.792456e-01		7.734365e-01
5.705706e+04		9.375971e-01		8.792456e-01		7.734365e-01
5.715716e+04		9.373551e-01		8.787850e-01		7.725908e-01
5.725726e+04		9.373551e-01		8.787850e-01		7.725908e-01
5.735736e+04		9.374728e-01		8.790193e-01		7.730323e-01
5.745746e+04		9.376170e-01		8.792768e-01		7.734797e-01
5.755756e+04		9.377747e-01		8.795768e-01		7.740048e-01
5.765766e+04		9.377747e-01		8.795768e-01		7.740048e-01
5.775776e+04		9.376451e-01		8.793342e-01		7.735719e-01
5.785786e+04		9.376451e-01		8.793342e-01		7.735719e-01
5.795796e+04		9.380911e-01		8.801754e-01		7.750713e-01
5.805806e+04		9.372836e-01		8.786563e-01		7.723799e-01
5.815816e+04		9.376762e-01		8.793897e-01		7.736630e-01
5.825826e+04		9.373856e-01		8.788421e-01		7.727070e-01
5.835836e+04		9.377781e-01		8.795852e-01		7.740175e-01
5.845846e+04		9.377781e-01		8.795852e-01		7.740175e-01
5.855856e+04		9.377770e-01		8.795910e-01		7.740483e-01
5.865866e+04		9.377770e-01		8.795910e-01		7.740483e-01
5.875876e+04		9.376926e-01		8.794197e-01		7.737388e-01
5.885886e+04		9.371213e-01		8.783587e-01		7.718670e-01
5.895896e+04		9.376480e-01		8.793487e-01		7.736109e-01
5.905906e+04		9.374963e-01		8.790578e-01		7.730992e-01
5.915916e+04		9.374963e-01		8.790578e-01		7.730992e-01
5.925926e+04		9.373065e-01		8.787013e-01		7.724734e-01
5.935936e+04		9.373065e-01		8.787013e-01		7.724734e-01
5.945946e+04		9.370440e-01		8.782020e-01		7.715699e-01
5.955956e+04		9.380577e-01		8.801078e-01		7.749569e-01
5.965966e+04		9.374576e-01		8.789855e-01		7.729643e-01
5.975976e+04		9.376428e-01		8.793276e-01		7.735628e-01
5.985986e+04		9.376428e-01		8.793276e-01		7.735628e-01
5.995996e+04		9.376557e-01		8.793587e-01		7.736371e-01
6.006006e+04		9.376557e-01		8.793587e-01		7.736371e-01
6.016016e+04		9.373352e-01		8.787484e-01		7.725340e-01
6.026026e+04		9.381157e-01		8.802213e-01		7.751518e-01
6.036036e+04		9.379017e-01		8.798060e-01		7.743949e-01
6.046046e+04		9.373516e-01		8.787842e-01		7.726035e-01
6.056056e+04		9.373153e-01		8.787184e-01		7.724997e-01
6.066066e+04		9.373153e-01		8.787184e-01		7.724997e-01
6.076076e+04		9.378116e-01		8.796464e-01		7.741285e-01
6.086086e+04		9.378116e-01		8.796464e-01		7.741285e-01
6.096096e+04		9.378977e-01		8.798028e-01		7.743982e-01
6.106106e+04		9.379399e-01		8.798867e-01		7.745578e-01
6.116116e+04		9.372572e-01		8.786125e-01		7.723199e-01
6.126126e+04		9.377412e-01		8.795148e-01		7.739051e-01
6.136136e+04		9.377412e-01		8.795148e-01		7.739051e-01
6.146146e+04		9.376070e-01		8.792628e-01		7.734520e-01
6.156156e+04		9.374694e-01		8.790051e-01		7.729888e-01
6.166166e+04		9.374694e-01		8.790051e-01		7.729888e-01
6.176176e+04		9.377037e-01		8.794471e-01		7.737833e-01
6.186186e+04		9.375344e-01		8.791278e-01		7.732204e-01
6.196196e+04		9.375191e-01		8.790947e-01		7.731526e-01
6.206206e+04		9.375191e-01		8.790947e-01		7.731526e-01
6.216216e+04		9.372520e-01		8.786021e-01		7.723009e-01
6.226226e+04		9.372520e-01		8.786021e-01		7.723009e-01
6.236236e+04		9.377477e-01		8.795298e-01		7.739267e-01
6.246246e+04		9.377477e-01		8.795298e-01		7.739267e-01
6.256256e+04		9.377980e-01		8.796189e-01		7.740809e-01
6.266266e+04		9.374811e-01		8.790232e-01		7.730234e-01
6.276276e+04		9.378567e-01		8.797331e-01		7.742891e-01
6.286286e+04		9.378567e-01		8.797331e-01		7.742891e-01
6.296296e+04		9.373967e-01		8.788678e-01		7.727614e-01
6.306306e+04		9.373967e-01		8.788678e-01		7.727614e-01
6.316316e+04		9.371272e-01		8.783655e-01		7.718722e-01
6.326326e+04		9.379738e-01		8.799507e-01		7.746715e-01
6.336336e+04		9.370914e-01		8.782961e-01		7.717474e-01
6.346346e+04		9.375549e-01		8.791679e-01		7.732832e-01
6.356356e+04		9.370481e-01		8.782177e-01		7.716228e-01
6.366366e+04		9.370481e-01		8.782177e-01		7.716228e-01
6.376376e+04		9.378684e-01		8.797466e-01		7.742929e-01
6.386386e+04		9.378684e-01		8.797466e-01		7.742929e-01
6.396396e+04		9.378198e-01		8.796636e-01		7.741643e-01
6.406406e+04		9.376287e-01		8.793042e-01		7.735216e-01
6.416416e+04		9.373287e-01		8.787343e-01		7.725197e-01
6.426426e+04		9.377629e-01		8.795492e-01		7.739477e-01
6.436436e+04		9.375227e-01		8.791007e-01		7.731520e-01
6.446446e+04		9.375227e-01		8.791007e-01		7.731520e-01
6.456456e+04		9.377570e-01		8.795516e-01		7.739831e-01
6.466466e+04		9.377570e-01		8.795516e-01		7.739831e-01
6.476476e+04		9.373387e-01		8.787619e-01		7.725849e-01
6.486486e+04		9.374289e-01		8.789310e-01		7.728682e-01
6.496496e+04		9.376305e-01		8.793127e-01		7.735558e-01
6.506507e+04		9.376305e-01		8.793127e-01		7.735558e-01
6.516517e+04		9.375555e-01		8.791740e-01		7.733111e-01
6.526527e+04		9.375555e-01		8.791740e-01		7.733111e-01
6.536537e+04		9.376181e-01		8.792802e-01		7.734895e-01
6.546547e+04		9.379838e-01		8.799691e-01		7.747046e-01
6.556557e+04		9.375291e-01		8.791098e-01		7.731698e-01
6.566567e+04		9.372449e-01		8.785831e-01		7.722644e-01
6.576577e+04		9.378069e-01		8.796318e-01		7.741015e-01
6.586587e+04		9.378069e-01		8.796318e-01		7.741015e-01
6.596597e+04		9.379762e-01		8.799577e-01		7.746836e-01
6.606607e+04		9.379762e-01		8.799577e-01		7.746836e-01
6.616617e+04		9.376603e-01		8.793628e-01		7.736241e-01
6.626627e+04		9.375918e-01		8.792304e-01		7.733911e-01
6.636637e+04		9.378989e-01		8.798104e-01		7.744142e-01
6.646647e+04		9.379334e-01		8.798778e-01		7.745367e-01
6.656657e+04		9.379334e-01		8.798778e-01		7.745367e-01
6.666667e+04		9.376662e-01		8.793735e-01		7.736487e-01
6.676677e+04		9.373515e-01		8.787832e-01		7.726086e-01
6.686687e+04		9.373515e-01		8.787832e-01		7.726086e-01
6.696697e+04		9.375344e-01		8.791229e-01		7.732072e-01
6.706707e+04		9.372314e-01		8.785605e-01		7.722161e-01
6.716717e+04		9.373563e-01		8.787891e-01		7.726071e-01
6.726727e+04		9.373563e-01		8.787891e-01		7.726071e-01
6.736737e+04		9.380998e-01		8.801823e-01		7.750654e-01
6.746747e+04		9.380998e-01		8.801823e-01		7.750654e-01
6.756757e+04		9.374553e-01		8.789746e-01		7.729376e-01
6.766767e+04		9.378033e-01		8.796276e-01		7.740971e-01
6.776777e+04		9.372743e-01		8.786357e-01		7.723382e-01
6.786787e+04		9.376732e-01		8.793903e-01		7.736835e-01
6.796797e+04		9.377828e-01		8.795887e-01		7.740246e-01
6.806807e+04		9.377828e-01		8.795887e-01		7.740246e-01
6.816817e+04		9.372091e-01		8.785158e-01		7.721387e-01
6.826827e+04		9.372091e-01		8.785158e-01		7.721387e-01
6.836837e+04		9.375660e-01		8.791870e-01		7.733231e-01
6.846847e+04		9.376967e-01		8.794341e-01		7.737618e-01
6.856857e+04		9.377049e-01		8.794539e-01		7.738052e-01
6.866867e+04		9.377049e-01		8.794539e-01		7.738052e-01
6.876877e+04		9.374365e-01		8.789396e-01		7.728716e-01
6.886887e+04		9.374365e-01		8.789396e-01		7.728716e-01
6.896897e+04		9.376510e-01		8.793449e-01		7.735949e-01
6.906907e+04		9.376018e-01		8.792572e-01		7.734459e-01
6.916917e+04		9.374518e-01		8.789672e-01		7.729354e-01
6.926927e+04		9.375233e-01		8.791047e-01		7.731707e-01
6.936937e+04		9.376768e-01		8.793895e-01		7.736665e-01
6.946947e+04		9.376768e-01		8.793895e-01		7.736665e-01
6.956957e+04		9.375004e-01		8.790656e-01		7.731160e-01
6.966967e+04		9.375004e-01		8.790656e-01		7.731160e-01
6.976977e+04		9.372402e-01		8.785787e-01		7.722449e-01
6.986987e+04		9.377043e-01		8.794461e-01		7.737825e-01
6.996997e+04		9.376146e-01		8.792761e-01		7.734732e-01
7.007007e+04		9.374570e-01		8.789797e-01		7.729625e-01
7.017017e+04		9.377290e-01		8.794912e-01		7.738510e-01
7.027027e+04		9.377290e-01		8.794912e-01		7.738510e-01
7.037037e+04		9.374688e-01		8.789927e-01		7.729607e-01
7.047047e+04		9.374688e-01		8.789927e-01		7.729607e-01
7.057057e+04		9.373785e-01		8.788423e-01		7.727303e-01
7.067067e+04		9.376130e-01		8.792726e-01		7.734612e-01
7.077077e+04		9.376375e-01		8.793270e-01		7.735750e-01
7.087087e+04		9.376375e-01		8.793270e-01		7.735750e-01
7.097097e+04		9.378004e-01		8.796300e-01		7.741100e-01
7.107107e+04		9.378004e-01		8.796300e-01		7.741100e-01
7.117117e+04		9.379949e-01		8.799996e-01		7.747615e-01
7.127127e+04		9.375631e-01		8.791803e-01		7.733111e-01
7.137137e+04		9.371020e-01		8.783212e-01		7.718055e-01
7.147147e+04		9.378016e-01		8.796222e-01		7.740737e-01
7.157157e+04		9.377418e-01		8.795064e-01		7.738717e-01
7.167167e+04		9.377418e-01		8.795064e-01		7.738717e-01
7.177177e+04		9.378285e-01		8.796769e-01		7.741903e-01
7.187187e+04		9.378285e-01		8.796769e-01		7.741903e-01
7.197197e+04		9.371811e-01		8.784600e-01		7.720375e-01
7.207207e+04		9.373445e-01		8.787729e-01		7.725971e-01
7.217217e+04		9.372859e-01		8.786633e-01		7.724031e-01
7.227227e+04		9.377729e-01		8.795701e-01		7.739888e-01
7.237237e+04		9.378461e-01		8.797116e-01		7.742447e-01
7.247247e+04		9.378461e-01		8.797116e-01		7.742447e-01
7.257257e+04		9.375672e-01		8.791909e-01		7.733318e-01
7.267267e+04		9.375672e-01		8.791909e-01		7.733318e-01
7.277277e+04		9.376838e-01		8.794043e-01		7.736994e-01
7.287287e+04		9.375901e-01		8.792300e-01		7.733899e-01
7.297297e+04		9.377324e-01		8.795010e-01		7.738823e-01
7.307307e+04		9.377324e-01		8.795010e-01		7.738823e-01
7.317317e+04		9.375191e-01		8.791061e-01		7.731867e-01
7.327327e+04		9.375191e-01		8.791061e-01		7.731867e-01
7.337337e+04		9.375836e-01		8.792166e-01		7.733829e-01
7.347347e+04		9.377934e-01		8.796116e-01		7.740641e-01
7.357357e+04		9.376727e-01		8.793838e-01		7.736614e-01
7.367367e+04		9.379100e-01		8.798353e-01		7.744597e-01
7.377377e+04		9.373821e-01		8.788405e-01		7.726990e-01
7.387387e+04		9.373821e-01		8.788405e-01		7.726990e-01
7.397397e+04		9.378771e-01		8.797654e-01		7.743267e-01
7.407407e+04		9.378771e-01		8.797654e-01		7.743267e-01
7.417417e+04		9.376937e-01		8.794275e-01		7.737551e-01
7.427427e+04		9.378402e-01		8.796983e-01		7.742226e-01
7.437437e+04		9.373352e-01		8.787559e-01		7.725729e-01
7.447447e+04		9.375209e-01		8.791005e-01		7.731642e-01
7.457457e+04		9.374565e-01		8.789867e-01		7.729849e-01
7.467467e+04		9.374565e-01		8.789867e-01		7.729849e-01
7.477477e+04		9.374781e-01		8.790351e-01		7.730751e-01
7.487487e+04		9.374781e-01		8.790351e-01		7.730751e-01
7.497497e+04		9.372766e-01		8.786447e-01		7.723622e-01
7.507508e+04		9.374863e-01		8.790376e-01		7.730583e-01
7.517518e+04		9.377477e-01		8.795385e-01		7.739635e-01
7.527528e+04		9.377477e-01		8.795385e-01		7.739635e-01
7.537538e+04		9.379633e-01		8.799392e-01		7.746686e-01
7.547548e+04		9.379633e-01		8.799392e-01		7.746686e-01
7.557558e+04		9.378936e-01		8.798014e-01		7.744157e-01
7.567568e+04		9.375947e-01		8.792438e-01		7.734381e-01
7.577578e+04		9.376592e-01		8.793606e-01		7.736133e-01
7.587588e+04		9.377407e-01		8.795091e-01		7.738866e-01
7.597598e+04		9.380752e-01		8.801328e-01		7.749732e-01
7.607608e+04		9.382241e-01		8.804156e-01		7.754783e-01
7.617618e+04		9.382241e-01		8.804156e-01		7.754783e-01
7.627628e+04		9.378731e-01		8.797484e-01		7.742813e-01
7.637638e+04		9.378731e-01		8.797484e-01		7.742813e-01
7.647648e+04		9.371243e-01		8.783606e-01		7.718631e-01
7.657658e+04		9.372848e-01		8.786540e-01		7.723639e-01
7.667668e+04		9.378502e-01		8.797149e-01		7.742395e-01
7.677678e+04		9.378502e-01		8.797149e-01		7.742395e-01
7.687688e+04		9.375203e-01		8.791059e-01		7.731847e-01
7.697698e+04		9.375203e-01		8.791059e-01		7.731847e-01
7.707708e+04		9.371277e-01		8.783562e-01		7.718421e-01
7.717718e+04		9.372660e-01		8.786310e-01		7.723483e-01
7.727728e+04		9.378215e-01		8.796637e-01		7.741666e-01
7.737738e+04		9.379820e-01		8.799674e-01		7.746965e-01
7.747748e+04		9.374084e-01		8.788820e-01		7.727652e-01
7.757758e+04		9.374084e-01		8.788820e-01		7.727652e-01
7.767768e+04		9.374137e-01		8.789062e-01		7.728407e-01
7.777778e+04		9.374137e-01		8.789062e-01		7.728407e-01
7.787788e+04		9.375678e-01		8.791862e-01		7.733068e-01
7.797798e+04		9.377160e-01		8.794667e-01		7.737997e-01
7.807808e+04		9.375637e-01		8.791745e-01		7.732968e-01
7.817818e+04		9.376140e-01		8.792825e-01		7.735075e-01
7.827828e+04		9.374459e-01		8.789515e-01		7.728919e-01
7.837838e+04		9.374459e-01		8.789515e-01		7.728919e-01
7.847848e+04		9.371301e-01		8.783739e-01		7.718964e-01
7.857858e+04		9.371301e-01		8.783739e-01		7.718964e-01
7.867868e+04		9.378584e-01		8.797293e-01		7.742649e-01
7.877878e+04		9.377330e-01		8.795039e-01		7.738893e-01
7.887888e+04		9.375151e-01		8.790931e-01		7.731500e-01
7.897898e+04		9.375151e-01		8.790931e-01		7.731500e-01
7.907908e+04		9.375232e-01		8.790997e-01		7.731573e-01
7.917918e+04		9.375232e-01		8.790997e-01		7.731573e-01
7.927928e+04		9.377611e-01		8.795530e-01		7.739712e-01
7.937938e+04		9.379785e-01		8.799569e-01		7.746819e-01
7.947948e+04		9.374248e-01		8.789245e-01		7.728645e-01
7.957958e+04		9.380078e-01		8.800259e-01		7.748333e-01
7.967968e+04		9.377400e-01		8.795057e-01		7.738648e-01
7.977978e+04		9.377400e-01		8.795057e-01		7.738648e-01
7.987988e+04		9.373809e-01		8.788332e-01		7.726873e-01
7.997998e+04		9.373809e-01		8.788332e-01		7.726873e-01
8.008008e+04		9.376651e-01		8.793686e-01		7.736329e-01
8.018018e+04		9.376030e-01		8.792546e-01		7.734323e-01
8.028028e+04		9.373680e-01		8.788201e-01		7.726886e-01
8.038038e+04		9.378156e-01		8.796529e-01		7.741408e-01
8.048048e+04		9.376029e-01		8.792545e-01		7.734336e-01
8.058058e+04		9.376029e-01		8.792545e-01		7.734336e-01
8.068068e+04		9.374313e-01		8.789372e-01		7.729007e-01
8.078078e+04		9.374313e-01		8.789372e-01		7.729007e-01
8.088088e+04		9.373580e-01		8.788054e-01		7.726651e-01
8.098098e+04		9.372391e-01		8.785739e-01		7.722332e-01
8.108108e+04		9.374172e-01		8.789075e-01		7.728212e-01
8.118118e+04		9.374172e-01		8.789075e-01		7.728212e-01
8.128128e+04		9.378449e-01		8.797112e-01		7.742488e-01
8.138138e+04		9.378449e-01		8.797112e-01		7.742488e-01
8.148148e+04		9.378144e-01		8.796531e-01		7.741525e-01
8.158158e+04		9.374781e-01		8.790228e-01		7.730361e-01
8.168168e+04		9.374524e-01		8.789740e-01		7.729493e-01
8.178178e+04		9.372912e-01		8.786718e-01		7.724207e-01
8.188188e+04		9.377887e-01		8.796013e-01		7.740516e-01
8.198198e+04		9.377887e-01		8.796013e-01		7.740516e-01
8.208208e+04		9.375930e-01		8.792331e-01		7.734004e-01
8.218218e+04		9.375930e-01		8.792331e-01		7.734004e-01
8.228228e+04		9.375895e-01		8.792277e-01		7.733844e-01
8.238238e+04		9.376141e-01		8.792770e-01		7.734796e-01
8.248248e+04		9.375871e-01		8.792307e-01		7.734132e-01
8.258258e+04		9.375092e-01		8.790744e-01		7.731169e-01
8.268268e+04		9.378918e-01		8.797986e-01		7.744082e-01
8.278278e+04		9.378918e-01		8.797986e-01		7.744082e-01
8.288288e+04		9.376651e-01		8.793660e-01		7.736305e-01
8.298298e+04		9.376651e-01		8.793660e-01		7.736305e-01
8.308308e+04		9.376017e-01		8.792472e-01		7.734111e-01
8.318318e+04		9.375391e-01		8.791392e-01		7.732429e-01
8.328328e+04		9.378362e-01		8.797046e-01		7.742644e-01
8.338338e+04		9.378362e-01		8.797046e-01		7.742644e-01
8.348348e+04		9.376510e-01		8.793444e-01		7.735953e-01
8.358358e+04		9.376510e-01		8.793444e-01		7.735953e-01
8.368368e+04		9.375004e-01		8.790689e-01		7.731227e-01
8.378378e+04		9.374260e-01		8.789205e-01		7.728543e-01
8.388388e+04		9.371782e-01		8.784660e-01		7.720507e-01
8.398398e+04		9.372585e-01		8.786174e-01		7.723271e-01
8.408408e+04		9.378145e-01		8.796435e-01		7.741253e-01
8.418418e+04		9.378145e-01		8.796435e-01		7.741253e-01
8.428428e+04		9.379387e-01		8.798834e-01		7.745534e-01
8.438438e+04		9.379387e-01		8.798834e-01		7.745534e-01
8.448448e+04		9.373739e-01		8.788272e-01		7.726976e-01
8.458458e+04		9.374840e-01		8.790353e-01		7.730543e-01
8.468468e+04		9.375467e-01		8.791522e-01		7.732631e-01
8.478478e+04		9.375467e-01		8.791522e-01		7.732631e-01
8.488488e+04		9.373059e-01		8.786986e-01		7.724570e-01
8.498498e+04		9.373059e-01		8.786986e-01		7.724570e-01
8.508509e+04		9.375151e-01		8.790978e-01		7.731668e-01
8.518519e+04		9.375151e-01		8.790978e-01		7.731668e-01
8.528529e+04		9.372672e-01		8.786254e-01		7.723269e-01
8.538539e+04		9.376358e-01		8.793237e-01		7.735680e-01
8.548549e+04		9.374624e-01		8.789932e-01		7.729834e-01
8.558559e+04		9.374624e-01		8.789932e-01		7.729834e-01
8.568569e+04		9.377114e-01		8.794597e-01		7.738003e-01
8.578579e+04		9.377114e-01		8.794597e-01		7.738003e-01
8.588589e+04		9.379305e-01		8.798716e-01		7.745302e-01
8.598599e+04		9.372713e-01		8.786242e-01		7.723113e-01
8.608609e+04		9.372935e-01		8.786711e-01		7.724075e-01
8.618619e+04		9.373024e-01		8.786927e-01		7.724466e-01
8.628629e+04		9.378385e-01		8.796919e-01		7.742010e-01
8.638639e+04		9.376293e-01		8.793082e-01		7.735420e-01
8.648649e+04		9.376293e-01		8.793082e-01		7.735420e-01
8.658659e+04		9.375912e-01		8.792315e-01		7.733988e-01
8.668669e+04		9.377477e-01		8.795240e-01		7.739128e-01
8.678679e+04		9.378695e-01		8.797604e-01		7.743469e-01
8.688689e+04		9.376598e-01		8.793572e-01		7.736144e-01
8.698699e+04		9.375637e-01		8.791807e-01		7.733047e-01
8.708709e+04		9.375637e-01		8.791807e-01		7.733047e-01
8.718719e+04		9.370897e-01		8.782958e-01		7.717609e-01
8.728729e+04		9.370897e-01		8.782958e-01		7.717609e-01
8.738739e+04		9.376228e-01		8.792973e-01		7.735186e-01
8.748749e+04		9.373194e-01		8.787318e-01		7.725346e-01
8.758759e+04		9.375349e-01		8.791364e-01		7.732527e-01
8.768769e+04		9.379311e-01		8.798703e-01		7.745323e-01
8.778779e+04		9.373499e-01		8.787810e-01		7.726027e-01
8.788789e+04		9.373499e-01		8.787810e-01		7.726027e-01
8.798799e+04		9.376059e-01		8.792589e-01		7.734505e-01
8.808809e+04		9.376059e-01		8.792589e-01		7.734505e-01
8.818819e+04		9.378877e-01		8.797907e-01		7.743886e-01
8.828829e+04		9.373422e-01		8.787803e-01		7.726435e-01
8.838839e+04		9.374324e-01		8.789351e-01		7.728706e-01
8.848849e+04		9.374324e-01		8.789351e-01		7.728706e-01
8.858859e+04		9.378121e-01		8.796408e-01		7.741022e-01
8.868869e+04		9.378121e-01		8.796408e-01		7.741022e-01
8.878879e+04		9.373516e-01		8.787805e-01		7.725877e-01
8.888889e+04		9.371518e-01		8.784030e-01		7.719298e-01
8.898899e+04		9.371278e-01		8.783662e-01		7.718787e-01
8.908909e+04		9.378168e-01		8.796540e-01		7.741400e-01
8.918919e+04		9.376838e-01		8.794037e-01		7.737063e-01
8.928929e+04		9.376838e-01		8.794037e-01		7.737063e-01
8.938939e+04		9.370979e-01		8.783115e-01		7.717836e-01
8.948949e+04		9.370979e-01		8.783115e-01		7.717836e-01
8.958959e+04		9.376006e-01		8.792536e-01		7.734470e-01
8.968969e+04		9.374196e-01		8.789056e-01		7.728048e-01
8.978979e+04		9.372297e-01		8.785523e-01		7.721982e-01
8.988989e+04		9.372449e-01		8.785807e-01		7.722559e-01
8.998999e+04		9.376838e-01		8.794036e-01		7.736979e-01
9.009009e+04		9.376838e-01		8.794036e-01		7.736979e-01
9.019019e+04		9.375877e-01		8.792321e-01		7.734135e-01
9.029029e+04		9.375877e-01		8.792321e-01		7.734135e-01
9.039039e+04		9.375484e-01		8.791576e-01		7.732833e-01
9.049049e+04		9.372361e-01		8.785670e-01		7.722326e-01
9.059059e+04		9.378520e-01		8.797181e-01		7.742532e-01
9.069069e+04		9.378520e-01		8.797181e-01		7.742532e-01
9.079079e+04		9.376610e-01		8.793624e-01		7.736177e-01
9.089089e+04		9.376610e-01		8.793624e-01		7.736177e-01
9.099099e+04		9.379821e-01		8.799611e-01		7.746762e-01
9.109109e+04		9.375695e-01		8.791902e-01		7.733202e-01
9.119119e+04		9.375696e-01		8.791893e-01		7.733170e-01
9.129129e+04		9.381455e-01		8.802754e-01		7.752424e-01
9.139139e+04		9.377652e-01		8.795666e-01		7.740063e-01
9.149149e+04		9.377652e-01		8.795666e-01		7.740063e-01
9.159159e+04		9.380113e-01		8.800126e-01		7.747543e-01
9.169169e+04		9.380113e-01		8.800126e-01		7.747543e-01
9.179179e+04		9.374658e-01		8.789943e-01		7.729682e-01
9.189189e+04		9.374500e-01		8.789624e-01		7.729227e-01
9.199199e+04		9.379328e-01		8.798778e-01		7.745335e-01
9.209209e+04		9.379328e-01		8.798778e-01		7.745335e-01
9.219219e+04		9.382176e-01		8.804071e-01		7.754642e-01
9.229229e+04		9.382176e-01		8.804071e-01		7.754642e-01
9.239239e+04		9.372760e-01		8.786448e-01		7.723753e-01
9.249249e+04		9.379838e-01		8.799734e-01		7.747106e-01
9.259259e+04		9.377975e-01		8.796185e-01		7.740687e-01
9.269269e+04		9.374307e-01		8.789318e-01		7.728747e-01
9.279279e+04		9.376879e-01		8.794165e-01		7.737194e-01
9.289289e+04		9.376879e-01		8.794165e-01		7.737194e-01
9.299299e+04		9.374295e-01		8.789239e-01		7.728412e-01
9.309309e+04		9.374295e-01		8.789239e-01		7.728412e-01
9.319319e+04		9.378508e-01		8.797172e-01		7.742582e-01
9.329329e+04		9.375039e-01		8.790621e-01		7.730948e-01
9.339339e+04		9.379217e-01		8.798488e-01		7.744858e-01
9.349349e+04		9.377078e-01		8.794495e-01		7.737854e-01
9.359359e+04		9.375297e-01		8.791218e-01		7.732251e-01
9.369369e+04		9.375297e-01		8.791218e-01		7.732251e-01
9.379379e+04		9.375290e-01		8.791200e-01		7.732099e-01
9.389389e+04		9.375290e-01		8.791200e-01		7.732099e-01
9.399399e+04		9.375127e-01		8.790839e-01		7.731391e-01
9.409409e+04		9.375742e-01		8.792040e-01		7.733513e-01
9.419419e+04		9.375267e-01		8.791119e-01		7.731769e-01
9.429429e+04		9.375267e-01		8.791119e-01		7.731769e-01
9.439439e+04		9.374641e-01		8.789903e-01		7.729721e-01
9.449449e+04		9.374641e-01		8.789903e-01		7.729721e-01
9.459459e+04		9.377829e-01		8.795897e-01		7.740236e-01
9.469469e+04		9.377829e-01		8.795897e-01		7.740236e-01
9.479479e+04		9.373844e-01		8.788502e-01		7.727330e-01
9.489489e+04		9.375584e-01		8.791675e-01		7.732749e-01
9.499499e+04		9.377295e-01		8.794869e-01		7.738356e-01
9.509510e+04		9.377295e-01		8.794869e-01		7.738356e-01
9.519520e+04		9.376856e-01		8.794144e-01		7.737275e-01
9.529530e+04		9.376856e-01		8.794144e-01		7.737275e-01
9.539540e+04		9.371254e-01		8.783590e-01		7.718618e-01
9.549550e+04		9.375801e-01		8.792154e-01		7.733790e-01
9.559560e+04		9.377037e-01		8.794483e-01		7.737916e-01
9.569570e+04		9.378098e-01		8.796499e-01		7.741578e-01
9.579580e+04		9.375303e-01		8.791189e-01		7.732067e-01
9.589590e+04		9.375303e-01		8.791189e-01		7.732067e-01
9.599600e+04		9.373938e-01		8.788598e-01		7.727357e-01
9.609610e+04		9.373938e-01		8.788598e-01		7.727357e-01
9.619620e+04		9.375391e-01		8.791371e-01		7.732194e-01
9.629630e+04		9.372549e-01		8.786052e-01		7.723047e-01
9.639640e+04		9.374306e-01		8.789291e-01		7.728531e-01
9.649650e+04		9.375614e-01		8.791757e-01		7.732937e-01
9.659660e+04		9.376850e-01		8.794142e-01		7.737339e-01
9.669670e+04		9.376850e-01		8.794142e-01		7.737339e-01
9.679680e+04		9.375982e-01		8.792400e-01		7.734073e-01
9.689690e+04		9.375982e-01		8.792400e-01		7.734073e-01
9.699700e+04		9.378590e-01		8.797330e-01		7.742815e-01
9.709710e+04		9.374043e-01		8.788819e-01		7.727863e-01
9.719720e+04		9.371899e-01		8.784850e-01		7.720853e-01
9.729730e+04		9.371899e-01		8.784850e-01		7.720853e-01
9.739740e+04		9.374670e-01		8.789987e-01		7.729901e-01
9.749750e+04		9.374670e-01		8.789987e-01		7.729901e-01
9.759760e+04		9.374928e-01		8.790513e-01		7.730928e-01
9.769770e+04		9.378672e-01		8.797564e-01		7.743288e-01
9.779780e+04		9.379633e-01		8.799359e-01		7.746562e-01
9.789790e+04		9.374248e-01		8.789212e-01		7.728577e-01
9.799800e+04		9.373182e-01		8.787242e-01		7.725083e-01
9.809810e+04		9.373182e-01		8.787242e-01		7.725083e-01
9.819820e+04		9.371922e-01		8.784824e-01		7.720738e-01
9.829830e+04		9.371922e-01		8.784824e-01		7.720738e-01
9.839840e+04		9.376592e-01		8.793634e-01		7.736441e-01
9.849850e+04		9.374242e-01		8.789238e-01		7.728688e-01
9.859860e+04		9.379469e-01		8.798997e-01		7.745727e-01
9.869870e+04		9.379469e-01		8.798997e-01		7.745727e-01
9.879880e+04		9.374746e-01		8.790194e-01		7.730257e-01
9.889890e+04		9.374746e-01		8.790194e-01		7.730257e-01
9.899900e+04		9.376299e-01		8.793052e-01		7.735342e-01
9.909910e+04		9.371905e-01		8.784847e-01		7.720846e-01
9.919920e+04		9.370733e-01		8.782643e-01		7.716840e-01
9.929930e+04		9.374934e-01		8.790541e-01		7.730961e-01
9.939940e+04		9.377852e-01		8.795942e-01		7.740289e-01
9.949950e+04		9.377852e-01		8.795942e-01		7.740289e-01
9.959960e+04		9.378538e-01		8.797328e-01		7.743078e-01
9.969970e+04		9.378538e-01		8.797328e-01		7.743078e-01
9.979980e+04		9.373932e-01		8.788615e-01		7.727429e-01
9.989990e+04		9.375063e-01		8.790761e-01		7.731346e-01
1.000000e+05		9.376937e-01		8.794227e-01		7.737386e-01
