T	Real part of <m>	<|m|^2>	<|m|^4>
0.000000e+00		1.000100e+00		1.000100e+00		1.000100e+00
2.002002e-03		1.000100e+00		1.000100e+00		1.000100e+00
4.004004e-03		1.000100e+00		1.000100e+00		1.000100e+00
6.006006e-03		1.000100e+00		1.000100e+00		1.000100e+00
8.008008e-03		1.000100e+00		1.000100e+00		1.000100e+00
1.001001e-02		1.000100e+00		1.000100e+00		1.000100e+00
1.201201e-02		1.000100e+00		1.000100e+00		1.000100e+00
1.401401e-02		1.000100e+00		1.000100e+00		1.000100e+00
1.601602e-02		1.000100e+00		1.000100e+00		1.000100e+00
1.801802e-02		1.000100e+00		1.000100e+00		1.000100e+00
2.002002e-02		1.000100e+00		1.000100e+00		1.000100e+00
2.202202e-02		1.000100e+00		1.000100e+00		1.000100e+00
2.402402e-02		1.000100e+00		1.000100e+00		1.000100e+00
2.602603e-02		1.000100e+00		1.000100e+00		1.000100e+00
2.802803e-02		1.000100e+00		1.000100e+00		1.000100e+00
3.003003e-02		1.000100e+00		1.000100e+00		1.000100e+00
3.203203e-02		1.000100e+00		1.000100e+00		1.000100e+00
3.403403e-02		1.000100e+00		1.000100e+00		1.000100e+00
3.603604e-02		1.000100e+00		1.000100e+00		1.000100e+00
3.803804e-02		1.000100e+00		1.000100e+00		1.000100e+00
4.004004e-02		1.000100e+00		1.000100e+00		1.000100e+00
4.204204e-02		1.000100e+00		1.000100e+00		1.000100e+00
4.404404e-02		1.000100e+00		1.000100e+00		1.000100e+00
4.604605e-02		1.000100e+00		1.000100e+00		1.000100e+00
4.804805e-02		1.000100e+00		1.000100e+00		1.000100e+00
5.005005e-02		1.000100e+00		1.000100e+00		1.000100e+00
5.205205e-02		1.000100e+00		1.000100e+00		1.000100e+00
5.405405e-02		1.000100e+00		1.000100e+00		1.000100e+00
5.605606e-02		1.000100e+00		1.000100e+00		1.000100e+00
5.805806e-02		1.000100e+00		1.000100e+00		1.000100e+00
6.006006e-02		1.000100e+00		1.000100e+00		1.000100e+00
6.206206e-02		1.000100e+00		1.000100e+00		1.000100e+00
6.406406e-02		1.000100e+00		1.000100e+00		1.000100e+00
6.606607e-02		1.000100e+00		1.000100e+00		1.000100e+00
6.806807e-02		1.000100e+00		1.000100e+00		1.000100e+00
7.007007e-02		1.000100e+00		1.000100e+00		1.000100e+00
7.207207e-02		1.000100e+00		1.000100e+00		1.000100e+00
7.407407e-02		1.000100e+00		1.000100e+00		1.000100e+00
7.607608e-02		1.000100e+00		1.000100e+00		1.000100e+00
7.807808e-02		1.000100e+00		1.000100e+00		1.000100e+00
8.008008e-02		1.000100e+00		1.000100e+00		1.000100e+00
8.208208e-02		1.000100e+00		1.000100e+00		1.000100e+00
8.408408e-02		1.000100e+00		1.000100e+00		1.000100e+00
8.608609e-02		1.000100e+00		1.000100e+00		1.000100e+00
8.808809e-02		1.000100e+00		1.000100e+00		1.000100e+00
9.009009e-02		1.000100e+00		1.000100e+00		1.000100e+00
9.209209e-02		1.000100e+00		1.000100e+00		1.000100e+00
9.409409e-02		1.000100e+00		1.000100e+00		1.000100e+00
9.609610e-02		1.000100e+00		1.000100e+00		1.000100e+00
9.809810e-02		1.000100e+00		1.000100e+00		1.000100e+00
1.001001e-01		1.000100e+00		1.000100e+00		1.000100e+00
1.021021e-01		1.000100e+00		1.000100e+00		1.000100e+00
1.041041e-01		9.532203e-01		9.092706e-01		8.266904e-01
1.061061e-01		9.532203e-01		9.092706e-01		8.266904e-01
1.081081e-01		9.532203e-01		9.092706e-01		8.266904e-01
1.101101e-01		1.000100e+00		1.000100e+00		1.000100e+00
1.121121e-01		1.000100e+00		1.000100e+00		1.000100e+00
1.141141e-01		9.532203e-01		9.092706e-01		8.266904e-01
1.161161e-01		9.532203e-01		9.092706e-01		8.266904e-01
1.181181e-01		9.928109e-01		9.859775e-01		9.731375e-01
1.201201e-01		1.000099e+00		1.000097e+00		1.000095e+00
1.221221e-01		9.532231e-01		9.092759e-01		8.267001e-01
1.241241e-01		9.716583e-01		9.449941e-01		8.948930e-01
1.261261e-01		9.532235e-01		9.092769e-01		8.267023e-01
1.281281e-01		9.532219e-01		9.092736e-01		8.266960e-01
1.301301e-01		9.777444e-01		9.567860e-01		9.174056e-01
1.321321e-01		9.532213e-01		9.092726e-01		8.266939e-01
1.341341e-01		9.941175e-01		9.885087e-01		9.779700e-01
1.361361e-01		9.996137e-01		9.991576e-01		9.983005e-01
1.381381e-01		9.811173e-01		9.633207e-01		9.298811e-01
1.401401e-01		9.681532e-01		9.382029e-01		8.819268e-01
1.421421e-01		9.826472e-01		9.662845e-01		9.355388e-01
1.441441e-01		9.623407e-01		9.269410e-01		8.604256e-01
1.461461e-01		9.611391e-01		9.246127e-01		8.559803e-01
1.481481e-01		9.638981e-01		9.299583e-01		8.661858e-01
1.501502e-01		9.589283e-01		9.203293e-01		8.478023e-01
1.521522e-01		9.602554e-01		9.228998e-01		8.527088e-01
1.541542e-01		9.614220e-01		9.251604e-01		8.570256e-01
1.561562e-01		9.684226e-01		9.387237e-01		8.829190e-01
1.581582e-01		9.637543e-01		9.296786e-01		8.656505e-01
1.601602e-01		9.713388e-01		9.443731e-01		8.937036e-01
1.621622e-01		9.698703e-01		9.415271e-01		8.882684e-01
1.641642e-01		9.666581e-01		9.353032e-01		8.763851e-01
1.661662e-01		9.712261e-01		9.441541e-01		8.932840e-01
1.681682e-01		9.648870e-01		9.318721e-01		8.698364e-01
1.701702e-01		9.736043e-01		9.487590e-01		9.020712e-01
1.721722e-01		9.640575e-01		9.302627e-01		8.667603e-01
1.741742e-01		9.689365e-01		9.397152e-01		8.848053e-01
1.761762e-01		9.688146e-01		9.394798e-01		8.843565e-01
1.781782e-01		9.709957e-01		9.437025e-01		8.924129e-01
1.801802e-01		9.689257e-01		9.396928e-01		8.847581e-01
1.821822e-01		9.700410e-01		9.418510e-01		8.888723e-01
1.841842e-01		9.678164e-01		9.375412e-01		8.806475e-01
1.861862e-01		9.670700e-01		9.360935e-01		8.778794e-01
1.881882e-01		9.699866e-01		9.417440e-01		8.886679e-01
1.901902e-01		9.674275e-01		9.367834e-01		8.791934e-01
1.921922e-01		9.713356e-01		9.443540e-01		8.936460e-01
1.941942e-01		9.686945e-01		9.392326e-01		8.838591e-01
1.961962e-01		9.716128e-01		9.448863e-01		8.946515e-01
1.981982e-01		9.698158e-01		9.414040e-01		8.879993e-01
2.002002e-01		9.696667e-01		9.411110e-01		8.874361e-01
2.022022e-01		9.676318e-01		9.371646e-01		8.798938e-01
2.042042e-01		9.696091e-01		9.409927e-01		8.871974e-01
2.062062e-01		9.695728e-01		9.409207e-01		8.870539e-01
2.082082e-01		9.687110e-01		9.392476e-01		8.838551e-01
2.102102e-01		9.688158e-01		9.394475e-01		8.842286e-01
2.122122e-01		9.697339e-01		9.412207e-01		8.876038e-01
2.142142e-01		9.695193e-01		9.408049e-01		8.868103e-01
2.162162e-01		9.702527e-01		9.422215e-01		8.895125e-01
2.182182e-01		9.700811e-01		9.418826e-01		8.888500e-01
2.202202e-01		9.699333e-01		9.415905e-01		8.882812e-01
2.222222e-01		9.701183e-01		9.419452e-01		8.889482e-01
2.242242e-01		9.685989e-01		9.389950e-01		8.833091e-01
2.262262e-01		9.679969e-01		9.378240e-01		8.810706e-01
2.282282e-01		9.694590e-01		9.406485e-01		8.864368e-01
2.302302e-01		9.690475e-01		9.398496e-01		8.849098e-01
2.322322e-01		9.690933e-01		9.399316e-01		8.850557e-01
2.342342e-01		9.683480e-01		9.384763e-01		8.822559e-01
2.362362e-01		9.691527e-01		9.400296e-01		8.852121e-01
2.382382e-01		9.700949e-01		9.418522e-01		8.886853e-01
2.402402e-01		9.688191e-01		9.393739e-01		8.839407e-01
2.422422e-01		9.691864e-01		9.400700e-01		8.852351e-01
2.442442e-01		9.681737e-01		9.381056e-01		8.814831e-01
2.462462e-01		9.685471e-01		9.388153e-01		8.828182e-01
2.482482e-01		9.688920e-01		9.394773e-01		8.840661e-01
2.502503e-01		9.681021e-01		9.379340e-01		8.811084e-01
2.522523e-01		9.691842e-01		9.400281e-01		8.850896e-01
2.542543e-01		9.684023e-01		9.384992e-01		8.821485e-01
2.562563e-01		9.691289e-01		9.399011e-01		8.848129e-01
2.582583e-01		9.685457e-01		9.387592e-01		8.826089e-01
2.602603e-01		9.691873e-01		9.400018e-01		8.849841e-01
2.622623e-01		9.687258e-01		9.390946e-01		8.832300e-01
2.642643e-01		9.694991e-01		9.405804e-01		8.860442e-01
2.662663e-01		9.689544e-01		9.395110e-01		8.839633e-01
2.682683e-01		9.688922e-01		9.393693e-01		8.836589e-01
2.702703e-01		9.686634e-01		9.389259e-01		8.828200e-01
2.722723e-01		9.693132e-01		9.401780e-01		8.851918e-01
2.742743e-01		9.689499e-01		9.394601e-01		8.837997e-01
2.762763e-01		9.690295e-01		9.395967e-01		8.840220e-01
2.782783e-01		9.692239e-01		9.399601e-01		8.847076e-01
2.802803e-01		9.687949e-01		9.391279e-01		8.831090e-01
2.822823e-01		9.690614e-01		9.396372e-01		8.840699e-01
2.842843e-01		9.689089e-01		9.393211e-01		8.834164e-01
2.862863e-01		9.687923e-01		9.390924e-01		8.829846e-01
2.882883e-01		9.691935e-01		9.398523e-01		8.843967e-01
2.902903e-01		9.688713e-01		9.392290e-01		8.832085e-01
2.922923e-01		9.690613e-01		9.395867e-01		8.838827e-01
2.942943e-01		9.689149e-01		9.392896e-01		8.832799e-01
2.962963e-01		9.686004e-01		9.386584e-01		8.820333e-01
2.982983e-01		9.686247e-01		9.387059e-01		8.821306e-01
3.003003e-01		9.687797e-01		9.389960e-01		8.826655e-01
3.023023e-01		9.689085e-01		9.392427e-01		8.831356e-01
3.043043e-01		9.689181e-01		9.392441e-01		8.831014e-01
3.063063e-01		9.689181e-01		9.392315e-01		8.830502e-01
3.083083e-01		9.689650e-01		9.393098e-01		8.831816e-01
3.103103e-01		9.687431e-01		9.388790e-01		8.823623e-01
3.123123e-01		9.688969e-01		9.391638e-01		8.828874e-01
3.143143e-01		9.688934e-01		9.391470e-01		8.828264e-01
3.163163e-01		9.686686e-01		9.387076e-01		8.819782e-01
3.183183e-01		9.689020e-01		9.391503e-01		8.828028e-01
3.203203e-01		9.688581e-01		9.390544e-01		8.826078e-01
3.223223e-01		9.689376e-01		9.391945e-01		8.828354e-01
3.243243e-01		9.685945e-01		9.385345e-01		8.815851e-01
3.263263e-01		9.690110e-01		9.393345e-01		8.831065e-01
3.283283e-01		9.688665e-01		9.390447e-01		8.825395e-01
3.303303e-01		9.689289e-01		9.391587e-01		8.827461e-01
3.323323e-01		9.687743e-01		9.388516e-01		8.821360e-01
3.343343e-01		9.686260e-01		9.385549e-01		8.815500e-01
3.363363e-01		9.688963e-01		9.390705e-01		8.825328e-01
3.383383e-01		9.691528e-01		9.395643e-01		8.834572e-01
3.403403e-01		9.689501e-01		9.391658e-01		8.826897e-01
3.423423e-01		9.688448e-01		9.389470e-01		8.822386e-01
3.443443e-01		9.688225e-01		9.389065e-01		8.821845e-01
3.463463e-01		9.692307e-01		9.396872e-01		8.836380e-01
3.483483e-01		9.686568e-01		9.385693e-01		8.815158e-01
3.503504e-01		9.688746e-01		9.389888e-01		8.822968e-01
3.523524e-01		9.688551e-01		9.389460e-01		8.822129e-01
3.543544e-01		9.687567e-01		9.387370e-01		8.817797e-01
3.563564e-01		9.689817e-01		9.391799e-01		8.826351e-01
3.583584e-01		9.688008e-01		9.388199e-01		8.819280e-01
3.603604e-01		9.687631e-01		9.387492e-01		8.818029e-01
3.623624e-01		9.688616e-01		9.389309e-01		8.821296e-01
3.643644e-01		9.687943e-01		9.387952e-01		8.818596e-01
3.663664e-01		9.688893e-01		9.389737e-01		8.821926e-01
3.683684e-01		9.686990e-01		9.386028e-01		8.814874e-01
3.703704e-01		9.688071e-01		9.388095e-01		8.818667e-01
3.723724e-01		9.687492e-01		9.386936e-01		8.816403e-01
3.743744e-01		9.688371e-01		9.388559e-01		8.819357e-01
3.763764e-01		9.685850e-01		9.383668e-01		8.810086e-01
3.783784e-01		9.690360e-01		9.392378e-01		8.826478e-01
3.803804e-01		9.688062e-01		9.387822e-01		8.817710e-01
3.823824e-01		9.689124e-01		9.389823e-01		8.821394e-01
3.843844e-01		9.690980e-01		9.393426e-01		8.828255e-01
3.863864e-01		9.689952e-01		9.391341e-01		8.824100e-01
3.883884e-01		9.689294e-01		9.390017e-01		8.821483e-01
3.903904e-01		9.687986e-01		9.387477e-01		8.816626e-01
3.923924e-01		9.688477e-01		9.388433e-01		8.818471e-01
3.943944e-01		9.689035e-01		9.389443e-01		8.820285e-01
3.963964e-01		9.689222e-01		9.389788e-01		8.820830e-01
3.983984e-01		9.689095e-01		9.389492e-01		8.820238e-01
4.004004e-01		9.688279e-01		9.387891e-01		8.817165e-01
4.024024e-01		9.688305e-01		9.387908e-01		8.817101e-01
4.044044e-01		9.688304e-01		9.387927e-01		8.817176e-01
4.064064e-01		9.689297e-01		9.389842e-01		8.820720e-01
4.084084e-01		9.686367e-01		9.384080e-01		8.809756e-01
4.104104e-01		9.686613e-01		9.384562e-01		8.810663e-01
4.124124e-01		9.689140e-01		9.389436e-01		8.819839e-01
4.144144e-01		9.689709e-01		9.390486e-01		8.821738e-01
4.164164e-01		9.689184e-01		9.389436e-01		8.819690e-01
4.184184e-01		9.689873e-01		9.390747e-01		8.822170e-01
4.204204e-01		9.687192e-01		9.385517e-01		8.812163e-01
4.224224e-01		9.689158e-01		9.389294e-01		8.819130e-01
4.244244e-01		9.688210e-01		9.387483e-01		8.815831e-01
4.264264e-01		9.687806e-01		9.386657e-01		8.814256e-01
4.284284e-01		9.688803e-01		9.388582e-01		8.817881e-01
4.304304e-01		9.688341e-01		9.387657e-01		8.816097e-01
4.324324e-01		9.688712e-01		9.388302e-01		8.817119e-01
4.344344e-01		9.687935e-01		9.386846e-01		8.814450e-01
4.364364e-01		9.689795e-01		9.390377e-01		8.820991e-01
4.384384e-01		9.687825e-01		9.386577e-01		8.813891e-01
4.404404e-01		9.689773e-01		9.390301e-01		8.820755e-01
4.424424e-01		9.689860e-01		9.390422e-01		8.820952e-01
4.444444e-01		9.688023e-01		9.386863e-01		8.814202e-01
4.464464e-01		9.688969e-01		9.388664e-01		8.817551e-01
4.484484e-01		9.687382e-01		9.385631e-01		8.811903e-01
4.504505e-01		9.687630e-01		9.386083e-01		8.812716e-01
4.524525e-01		9.688626e-01		9.387953e-01		8.816123e-01
4.544545e-01		9.688740e-01		9.388161e-01		8.816534e-01
4.564565e-01		9.688335e-01		9.387369e-01		8.814984e-01
4.584585e-01		9.689212e-01		9.389064e-01		8.818170e-01
4.604605e-01		9.689682e-01		9.389965e-01		8.819905e-01
4.624625e-01		9.687157e-01		9.385048e-01		8.810555e-01
4.644645e-01		9.687519e-01		9.385735e-01		8.811828e-01
4.664665e-01		9.689070e-01		9.388692e-01		8.817316e-01
4.684685e-01		9.689880e-01		9.390250e-01		8.820215e-01
4.704705e-01		9.689167e-01		9.388846e-01		8.817555e-01
4.724725e-01		9.687583e-01		9.385752e-01		8.811685e-01
4.744745e-01		9.687848e-01		9.386276e-01		8.812678e-01
4.764765e-01		9.686540e-01		9.383716e-01		8.807792e-01
4.784785e-01		9.687609e-01		9.385840e-01		8.811858e-01
4.804805e-01		9.690006e-01		9.390403e-01		8.820349e-01
4.824825e-01		9.687568e-01		9.385697e-01		8.811515e-01
4.844845e-01		9.689196e-01		9.388831e-01		8.817362e-01
4.864865e-01		9.687095e-01		9.384747e-01		8.809651e-01
4.884885e-01		9.686679e-01		9.383947e-01		8.808184e-01
4.904905e-01		9.688670e-01		9.387708e-01		8.815086e-01
4.924925e-01		9.688269e-01		9.386942e-01		8.813630e-01
4.944945e-01		9.689041e-01		9.388479e-01		8.816567e-01
4.964965e-01		9.687193e-01		9.384887e-01		8.809805e-01
4.984985e-01		9.687491e-01		9.385420e-01		8.810714e-01
5.005005e-01		9.688144e-01		9.386642e-01		8.812977e-01
5.025025e-01		9.686548e-01		9.383580e-01		8.807240e-01
5.045045e-01		9.687318e-01		9.385011e-01		8.809824e-01
5.065065e-01		9.687314e-01		9.385005e-01		8.809805e-01
5.085085e-01		9.689839e-01		9.389933e-01		8.819194e-01
5.105105e-01		9.687996e-01		9.386367e-01		8.812456e-01
5.125125e-01		9.689251e-01		9.388737e-01		8.816813e-01
5.145145e-01		9.687680e-01		9.385744e-01		8.811275e-01
5.165165e-01		9.688216e-01		9.386755e-01		8.813099e-01
5.185185e-01		9.686704e-01		9.383793e-01		8.807468e-01
5.205205e-01		9.688490e-01		9.387206e-01		8.813844e-01
5.225225e-01		9.690322e-01		9.390795e-01		8.820646e-01
5.245245e-01		9.688140e-01		9.386552e-01		8.812647e-01
5.265265e-01		9.687501e-01		9.385314e-01		8.810292e-01
5.285285e-01		9.690204e-01		9.390538e-01		8.820121e-01
5.305305e-01		9.688710e-01		9.387646e-01		8.814656e-01
5.325325e-01		9.688991e-01		9.388156e-01		8.815556e-01
5.345345e-01		9.688519e-01		9.387226e-01		8.813781e-01
5.365365e-01		9.691910e-01		9.393766e-01		8.826043e-01
5.385385e-01		9.688994e-01		9.388116e-01		8.815468e-01
5.405405e-01		9.689008e-01		9.388169e-01		8.815598e-01
5.425425e-01		9.686821e-01		9.383909e-01		8.807542e-01
5.445445e-01		9.687217e-01		9.384670e-01		8.808936e-01
5.465465e-01		9.688289e-01		9.386727e-01		8.812731e-01
5.485485e-01		9.688228e-01		9.386623e-01		8.812593e-01
5.505506e-01		9.687406e-01		9.385001e-01		8.809452e-01
5.525526e-01		9.687864e-01		9.385836e-01		8.810916e-01
5.545546e-01		9.688059e-01		9.386260e-01		8.811809e-01
5.565566e-01		9.687078e-01		9.384331e-01		8.808140e-01
5.585586e-01		9.688745e-01		9.387574e-01		8.814299e-01
5.605606e-01		9.685899e-01		9.382021e-01		8.803785e-01
5.625626e-01		9.688658e-01		9.387381e-01		8.813873e-01
5.645646e-01		9.687744e-01		9.385593e-01		8.810493e-01
5.665666e-01		9.689150e-01		9.388307e-01		8.815570e-01
5.685686e-01		9.688910e-01		9.387832e-01		8.814666e-01
5.705706e-01		9.688567e-01		9.387164e-01		8.813381e-01
5.725726e-01		9.687689e-01		9.385466e-01		8.810179e-01
5.745746e-01		9.690372e-01		9.390649e-01		8.819932e-01
5.765766e-01		9.689440e-01		9.388831e-01		8.816512e-01
5.785786e-01		9.689892e-01		9.389733e-01		8.818240e-01
5.805806e-01		9.688474e-01		9.386945e-01		8.812929e-01
5.825826e-01		9.689565e-01		9.389067e-01		8.816927e-01
5.845846e-01		9.687196e-01		9.384454e-01		8.808198e-01
5.865866e-01		9.688884e-01		9.387740e-01		8.814397e-01
5.885886e-01		9.687418e-01		9.384864e-01		8.808912e-01
5.905906e-01		9.689460e-01		9.388837e-01		8.816458e-01
5.925926e-01		9.687295e-01		9.384615e-01		8.808461e-01
5.945946e-01		9.688518e-01		9.387005e-01		8.812977e-01
5.965966e-01		9.688435e-01		9.386818e-01		8.812596e-01
5.985986e-01		9.689095e-01		9.388098e-01		8.814988e-01
6.006006e-01		9.689035e-01		9.387981e-01		8.814781e-01
6.026026e-01		9.687979e-01		9.385946e-01		8.810995e-01
6.046046e-01		9.687999e-01		9.385952e-01		8.810873e-01
6.066066e-01		9.690140e-01		9.390100e-01		8.818697e-01
6.086086e-01		9.687813e-01		9.385594e-01		8.810185e-01
6.106106e-01		9.687489e-01		9.384966e-01		8.809057e-01
6.126126e-01		9.688535e-01		9.386955e-01		8.812755e-01
6.146146e-01		9.690538e-01		9.390847e-01		8.820059e-01
6.166166e-01		9.688263e-01		9.386435e-01		8.811737e-01
6.186186e-01		9.688037e-01		9.385976e-01		8.810859e-01
6.206206e-01		9.686784e-01		9.383572e-01		8.806387e-01
6.226226e-01		9.687577e-01		9.385103e-01		8.809261e-01
6.246246e-01		9.687866e-01		9.385661e-01		8.810278e-01
6.266266e-01		9.688551e-01		9.386983e-01		8.812715e-01
6.286286e-01		9.689599e-01		9.389010e-01		8.816580e-01
6.306306e-01		9.689006e-01		9.387843e-01		8.814331e-01
6.326326e-01		9.686361e-01		9.382682e-01		8.804566e-01
6.346346e-01		9.688361e-01		9.386588e-01		8.811968e-01
6.366366e-01		9.688846e-01		9.387521e-01		8.813735e-01
6.386386e-01		9.687538e-01		9.384982e-01		8.808943e-01
6.406406e-01		9.688007e-01		9.385888e-01		8.810674e-01
6.426426e-01		9.689080e-01		9.387957e-01		8.814475e-01
6.446446e-01		9.688786e-01		9.387375e-01		8.813383e-01
6.466466e-01		9.689004e-01		9.387786e-01		8.814158e-01
6.486486e-01		9.688995e-01		9.387773e-01		8.814109e-01
6.506507e-01		9.689879e-01		9.389469e-01		8.817307e-01
6.526527e-01		9.689581e-01		9.388913e-01		8.816242e-01
6.546547e-01		9.688198e-01		9.386199e-01		8.811066e-01
6.566567e-01		9.688573e-01		9.386940e-01		8.812545e-01
6.586587e-01		9.688756e-01		9.387297e-01		8.813216e-01
6.606607e-01		9.686447e-01		9.382806e-01		8.804728e-01
6.626627e-01		9.686047e-01		9.382067e-01		8.803356e-01
6.646647e-01		9.687135e-01		9.384144e-01		8.807256e-01
6.666667e-01		9.687777e-01		9.385379e-01		8.809532e-01
6.686687e-01		9.687576e-01		9.384977e-01		8.808780e-01
6.706707e-01		9.690505e-01		9.390666e-01		8.819539e-01
6.726727e-01		9.688737e-01		9.387207e-01		8.812952e-01
6.746747e-01		9.687611e-01		9.385027e-01		8.808859e-01
6.766767e-01		9.689029e-01		9.387790e-01		8.814080e-01
6.786787e-01		9.688997e-01		9.387711e-01		8.813878e-01
6.806807e-01		9.690766e-01		9.391140e-01		8.820334e-01
6.826827e-01		9.685891e-01		9.381688e-01		8.802549e-01
6.846847e-01		9.688812e-01		9.387323e-01		8.813116e-01
6.866867e-01		9.689034e-01		9.387790e-01		8.814022e-01
6.886887e-01		9.687780e-01		9.385351e-01		8.809439e-01
6.906907e-01		9.689883e-01		9.389392e-01		8.816953e-01
6.926927e-01		9.689549e-01		9.388760e-01		8.815834e-01
6.946947e-01		9.689296e-01		9.388284e-01		8.814948e-01
6.966967e-01		9.686588e-01		9.383027e-01		8.805029e-01
6.986987e-01		9.689247e-01		9.388172e-01		8.814679e-01
7.007007e-01		9.688633e-01		9.386963e-01		8.812375e-01
7.027027e-01		9.688384e-01		9.386495e-01		8.811548e-01
7.047047e-01		9.688126e-01		9.385975e-01		8.810515e-01
7.067067e-01		9.688278e-01		9.386290e-01		8.811146e-01
7.087087e-01		9.690362e-01		9.390291e-01		8.818616e-01
7.107107e-01		9.686143e-01		9.382135e-01		8.803289e-01
7.127127e-01		9.689827e-01		9.389253e-01		8.816649e-01
7.147147e-01		9.689543e-01		9.388741e-01		8.815777e-01
7.167167e-01		9.689115e-01		9.387886e-01		8.814111e-01
7.187187e-01		9.687762e-01		9.385245e-01		8.809088e-01
7.207207e-01		9.690877e-01		9.391291e-01		8.820478e-01
7.227227e-01		9.687226e-01		9.384199e-01		8.807112e-01
7.247247e-01		9.689350e-01		9.388308e-01		8.814863e-01
7.267267e-01		9.685368e-01		9.380608e-01		8.800390e-01
7.287287e-01		9.687565e-01		9.384856e-01		8.808349e-01
7.307307e-01		9.688524e-01		9.386708e-01		8.811861e-01
7.327327e-01		9.688604e-01		9.386854e-01		8.812097e-01
7.347347e-01		9.686829e-01		9.383408e-01		8.805581e-01
7.367367e-01		9.687476e-01		9.384684e-01		8.808042e-01
7.387387e-01		9.690650e-01		9.390816e-01		8.819538e-01
7.407407e-01		9.689585e-01		9.388765e-01		8.815705e-01
7.427427e-01		9.688513e-01		9.386672e-01		8.811708e-01
7.447447e-01		9.689893e-01		9.389340e-01		8.816746e-01
7.467467e-01		9.687855e-01		9.385401e-01		8.809351e-01
7.487487e-01		9.688553e-01		9.386743e-01		8.811873e-01
7.507508e-01		9.686688e-01		9.383132e-01		8.805105e-01
7.527528e-01		9.688730e-01		9.387075e-01		8.812469e-01
7.547548e-01		9.689354e-01		9.388290e-01		8.814758e-01
7.567568e-01		9.687220e-01		9.384163e-01		8.807030e-01
7.587588e-01		9.689109e-01		9.387809e-01		8.813868e-01
7.607608e-01		9.687869e-01		9.385429e-01		8.809397e-01
7.627628e-01		9.686977e-01		9.383660e-01		8.806028e-01
7.647648e-01		9.688030e-01		9.385710e-01		8.809901e-01
7.667668e-01		9.687301e-01		9.384281e-01		8.807140e-01
7.687688e-01		9.688124e-01		9.385879e-01		8.810152e-01
7.707708e-01		9.690021e-01		9.389562e-01		8.817107e-01
7.727728e-01		9.688523e-01		9.386653e-01		8.811630e-01
7.747748e-01		9.689276e-01		9.388105e-01		8.814342e-01
7.767768e-01		9.689003e-01		9.387575e-01		8.813351e-01
7.787788e-01		9.688563e-01		9.386708e-01		8.811708e-01
7.807808e-01		9.687790e-01		9.385231e-01		8.808962e-01
7.827828e-01		9.689410e-01		9.388361e-01		8.814846e-01
7.847848e-01		9.686607e-01		9.382924e-01		8.804578e-01
7.867868e-01		9.688020e-01		9.385658e-01		8.809702e-01
7.887888e-01		9.688730e-01		9.387028e-01		8.812296e-01
7.907908e-01		9.688165e-01		9.385957e-01		8.810315e-01
7.927928e-01		9.690580e-01		9.390613e-01		8.819017e-01
7.947948e-01		9.687152e-01		9.383954e-01		8.806462e-01
7.967968e-01		9.688753e-01		9.387052e-01		8.812314e-01
7.987988e-01		9.688581e-01		9.386723e-01		8.811645e-01
8.008008e-01		9.689319e-01		9.388151e-01		8.814365e-01
8.028028e-01		9.687400e-01		9.384455e-01		8.807447e-01
8.048048e-01		9.688075e-01		9.385747e-01		8.809843e-01
8.068068e-01		9.687015e-01		9.383660e-01		8.805847e-01
8.088088e-01		9.687831e-01		9.385270e-01		8.808961e-01
8.108108e-01		9.688885e-01		9.387321e-01		8.812835e-01
8.128128e-01		9.689659e-01		9.388785e-01		8.815529e-01
8.148148e-01		9.687793e-01		9.385205e-01		8.808857e-01
8.168168e-01		9.688892e-01		9.387321e-01		8.812826e-01
8.188188e-01		9.688412e-01		9.386399e-01		8.811067e-01
8.208208e-01		9.689566e-01		9.388634e-01		8.815270e-01
8.228228e-01		9.688210e-01		9.385973e-01		8.810198e-01
8.248248e-01		9.687601e-01		9.384797e-01		8.808022e-01
8.268268e-01		9.689747e-01		9.388950e-01		8.815837e-01
8.288288e-01		9.690255e-01		9.389944e-01		8.817679e-01
8.308308e-01		9.687664e-01		9.384923e-01		8.808235e-01
8.328328e-01		9.688803e-01		9.387127e-01		8.812384e-01
8.348348e-01		9.688245e-01		9.386051e-01		8.810383e-01
8.368368e-01		9.686917e-01		9.383459e-01		8.805475e-01
8.388388e-01		9.687332e-01		9.384264e-01		8.806988e-01
8.408408e-01		9.689187e-01		9.387863e-01		8.813735e-01
8.428428e-01		9.689159e-01		9.387831e-01		8.813731e-01
8.448448e-01		9.688648e-01		9.386815e-01		8.811781e-01
8.468468e-01		9.689609e-01		9.388668e-01		8.815281e-01
8.488488e-01		9.688563e-01		9.386647e-01		8.811447e-01
8.508509e-01		9.687983e-01		9.385523e-01		8.809350e-01
8.528529e-01		9.687620e-01		9.384817e-01		8.807999e-01
8.548549e-01		9.686445e-01		9.382560e-01		8.803816e-01
8.568569e-01		9.690275e-01		9.389962e-01		8.817693e-01
8.588589e-01		9.686977e-01		9.383555e-01		8.805623e-01
8.608609e-01		9.687965e-01		9.385501e-01		8.809323e-01
8.628629e-01		9.688500e-01		9.386522e-01		8.811227e-01
8.648649e-01		9.687425e-01		9.384431e-01		8.807282e-01
8.668669e-01		9.690610e-01		9.390598e-01		8.818888e-01
8.688689e-01		9.685491e-01		9.380673e-01		8.800187e-01
8.708709e-01		9.688560e-01		9.386637e-01		8.811449e-01
8.728729e-01		9.688179e-01		9.385885e-01		8.809963e-01
8.748749e-01		9.688518e-01		9.386544e-01		8.811227e-01
8.768769e-01		9.688414e-01		9.386350e-01		8.810894e-01
8.788789e-01		9.690750e-01		9.390839e-01		8.819253e-01
8.808809e-01		9.688831e-01		9.387125e-01		8.812272e-01
8.828829e-01		9.688711e-01		9.386892e-01		8.811860e-01
8.848849e-01		9.688583e-01		9.386667e-01		8.811474e-01
8.868869e-01		9.688566e-01		9.386627e-01		8.811383e-01
8.888889e-01		9.688314e-01		9.386130e-01		8.810425e-01
8.908909e-01		9.688209e-01		9.385928e-01		8.810059e-01
8.928929e-01		9.688396e-01		9.386294e-01		8.810743e-01
8.948949e-01		9.690611e-01		9.390586e-01		8.818797e-01
8.968969e-01		9.689509e-01		9.388446e-01		8.814782e-01
8.988989e-01		9.688310e-01		9.386112e-01		8.810363e-01
9.009009e-01		9.687100e-01		9.383783e-01		8.806040e-01
9.029029e-01		9.689599e-01		9.388623e-01		8.815116e-01
9.049049e-01		9.688439e-01		9.386378e-01		8.810916e-01
9.069069e-01		9.688833e-01		9.387116e-01		8.812236e-01
9.089089e-01		9.688436e-01		9.386345e-01		8.810787e-01
9.109109e-01		9.687519e-01		9.384578e-01		8.807485e-01
9.129129e-01		9.687191e-01		9.383944e-01		8.806309e-01
9.149149e-01		9.690409e-01		9.390179e-01		8.817960e-01
9.169169e-01		9.687752e-01		9.385022e-01		8.808301e-01
9.189189e-01		9.688958e-01		9.387375e-01		8.812756e-01
9.209209e-01		9.687920e-01		9.385345e-01		8.808930e-01
9.229229e-01		9.688398e-01		9.386271e-01		8.810656e-01
9.249249e-01		9.687753e-01		9.385015e-01		8.808282e-01
9.269269e-01		9.687718e-01		9.384957e-01		8.808171e-01
9.289289e-01		9.688452e-01		9.386374e-01		8.810827e-01
9.309309e-01		9.691022e-01		9.391352e-01		8.820202e-01
9.329329e-01		9.688188e-01		9.385851e-01		8.809844e-01
9.349349e-01		9.689038e-01		9.387493e-01		8.812910e-01
9.369369e-01		9.687889e-01		9.385279e-01		8.808756e-01
9.389389e-01		9.688342e-01		9.386139e-01		8.810346e-01
9.409409e-01		9.688004e-01		9.385498e-01		8.809174e-01
9.429429e-01		9.688179e-01		9.385840e-01		8.809849e-01
9.449449e-01		9.688399e-01		9.386242e-01		8.810519e-01
9.469469e-01		9.688660e-01		9.386767e-01		8.811546e-01
9.489489e-01		9.689366e-01		9.388123e-01		8.814086e-01
9.509510e-01		9.688893e-01		9.387222e-01		8.812417e-01
9.529530e-01		9.688752e-01		9.386946e-01		8.811911e-01
9.549550e-01		9.688065e-01		9.385592e-01		8.809333e-01
9.569570e-01		9.689731e-01		9.388828e-01		8.815386e-01
9.589590e-01		9.685357e-01		9.380343e-01		8.799431e-01
9.609610e-01		9.686795e-01		9.383134e-01		8.804687e-01
9.629630e-01		9.689322e-01		9.388050e-01		8.813992e-01
9.649650e-01		9.689754e-01		9.388864e-01		8.815463e-01
9.669670e-01		9.689029e-01		9.387462e-01		8.812828e-01
9.689690e-01		9.686877e-01		9.383302e-01		8.805011e-01
9.709710e-01		9.686487e-01		9.382537e-01		8.803558e-01
9.729730e-01		9.688794e-01		9.387011e-01		8.811979e-01
9.749750e-01		9.687419e-01		9.384325e-01		8.806896e-01
9.769770e-01		9.688173e-01		9.385801e-01		8.809686e-01
9.789790e-01		9.687256e-01		9.384027e-01		8.806387e-01
9.809810e-01		9.688928e-01		9.387282e-01		8.812515e-01
9.829830e-01		9.688893e-01		9.387188e-01		8.812318e-01
9.849850e-01		9.688897e-01		9.387203e-01		8.812327e-01
9.869870e-01		9.689968e-01		9.389260e-01		8.816181e-01
9.889890e-01		9.689354e-01		9.388054e-01		8.813886e-01
9.909910e-01		9.688684e-01		9.386768e-01		8.811486e-01
9.929930e-01		9.688280e-01		9.386009e-01		8.810085e-01
9.949950e-01		9.688619e-01		9.386648e-01		8.811239e-01
9.969970e-01		9.690579e-01		9.390457e-01		8.818442e-01
9.989990e-01		9.687516e-01		9.384520e-01		8.807271e-01
1.001001e+00		9.685963e-01		9.381495e-01		8.801564e-01
1.003003e+00		9.689754e-01		9.388861e-01		8.815452e-01
1.005005e+00		9.687687e-01		9.384841e-01		8.807882e-01
1.007007e+00		9.688676e-01		9.386746e-01		8.811417e-01
1.009009e+00		9.690346e-01		9.389997e-01		8.817547e-01
1.011011e+00		9.688519e-01		9.386455e-01		8.810933e-01
1.013013e+00		9.687362e-01		9.384190e-01		8.806598e-01
1.015015e+00		9.688156e-01		9.385759e-01		8.809613e-01
1.017017e+00		9.687823e-01		9.385086e-01		8.808296e-01
1.019019e+00		9.687201e-01		9.383890e-01		8.806070e-01
1.021021e+00		9.689265e-01		9.387887e-01		8.813551e-01
1.023023e+00		9.687722e-01		9.384915e-01		8.807993e-01
1.025025e+00		9.687747e-01		9.384962e-01		8.808085e-01
1.027027e+00		9.686716e-01		9.382955e-01		8.804304e-01
1.029029e+00		9.687136e-01		9.383761e-01		8.805803e-01
1.031031e+00		9.686867e-01		9.383238e-01		8.804814e-01
1.033033e+00		9.689906e-01		9.389129e-01		8.815903e-01
1.035035e+00		9.688424e-01		9.386253e-01		8.810493e-01
1.037037e+00		9.687435e-01		9.384341e-01		8.806896e-01
1.039039e+00		9.688474e-01		9.386336e-01		8.810619e-01
1.041041e+00		9.687758e-01		9.384955e-01		8.808032e-01
1.043043e+00		9.688948e-01		9.387262e-01		8.812364e-01
1.045045e+00		9.690750e-01		9.390753e-01		8.818951e-01
1.047047e+00		9.686550e-01		9.382626e-01		8.803667e-01
1.049049e+00		9.688228e-01		9.385844e-01		8.809651e-01
1.051051e+00		9.689208e-01		9.387776e-01		8.813334e-01
1.053053e+00		9.688664e-01		9.386713e-01		8.811330e-01
1.055055e+00		9.687719e-01		9.384883e-01		8.807909e-01
1.057057e+00		9.688278e-01		9.385949e-01		8.809873e-01
1.059059e+00		9.688042e-01		9.385503e-01		8.809068e-01
1.061061e+00		9.688024e-01		9.385471e-01		8.808986e-01
1.063063e+00		9.688683e-01		9.386748e-01		8.811401e-01
1.065065e+00		9.688220e-01		9.385828e-01		8.809630e-01
1.067067e+00		9.688907e-01		9.387181e-01		8.812226e-01
1.069069e+00		9.687723e-01		9.384900e-01		8.807938e-01
1.071071e+00		9.688679e-01		9.386716e-01		8.811303e-01
1.073073e+00		9.688322e-01		9.386034e-01		8.810045e-01
1.075075e+00		9.689568e-01		9.388459e-01		8.814625e-01
1.077077e+00		9.686659e-01		9.382809e-01		8.803977e-01
1.079079e+00		9.688450e-01		9.386275e-01		8.810464e-01
1.081081e+00		9.688746e-01		9.386838e-01		8.811497e-01
1.083083e+00		9.688159e-01		9.385720e-01		8.809470e-01
1.085085e+00		9.687106e-01		9.383669e-01		8.805574e-01
1.087087e+00		9.690239e-01		9.389736e-01		8.816997e-01
1.089089e+00		9.688576e-01		9.386531e-01		8.810969e-01
1.091091e+00		9.688651e-01		9.386655e-01		8.811182e-01
1.093093e+00		9.688950e-01		9.387252e-01		8.812293e-01
1.095095e+00		9.688881e-01		9.387100e-01		8.811999e-01
1.097097e+00		9.687863e-01		9.385151e-01		8.808384e-01
1.099099e+00		9.689339e-01		9.387999e-01		8.813711e-01
1.101101e+00		9.688874e-01		9.387101e-01		8.812023e-01
1.103103e+00		9.686446e-01		9.382390e-01		8.803166e-01
1.105105e+00		9.688759e-01		9.386870e-01		8.811577e-01
1.107107e+00		9.688335e-01		9.386048e-01		8.810028e-01
1.109109e+00		9.688939e-01		9.387191e-01		8.812114e-01
1.111111e+00		9.689398e-01		9.388088e-01		8.813867e-01
1.113113e+00		9.688878e-01		9.387098e-01		8.811981e-01
1.115115e+00		9.686733e-01		9.382927e-01		8.804155e-01
1.117117e+00		9.688443e-01		9.386251e-01		8.810414e-01
1.119119e+00		9.688641e-01		9.386633e-01		8.811154e-01
1.121121e+00		9.688531e-01		9.386413e-01		8.810660e-01
1.123123e+00		9.687567e-01		9.384556e-01		8.807231e-01
1.125125e+00		9.688809e-01		9.386958e-01		8.811741e-01
1.127127e+00		9.689246e-01		9.387809e-01		8.813357e-01
1.129129e+00		9.687709e-01		9.384839e-01		8.807767e-01
1.131131e+00		9.688956e-01		9.387253e-01		8.812314e-01
1.133133e+00		9.688025e-01		9.385443e-01		8.808896e-01
1.135135e+00		9.689153e-01		9.387620e-01		8.812967e-01
1.137137e+00		9.688962e-01		9.387250e-01		8.812280e-01
1.139139e+00		9.688699e-01		9.386744e-01		8.811317e-01
1.141141e+00		9.685348e-01		9.380240e-01		8.799066e-01
1.143143e+00		9.690822e-01		9.390875e-01		8.819142e-01
1.145145e+00		9.689158e-01		9.387639e-01		8.813024e-01
1.147147e+00		9.687872e-01		9.385124e-01		8.808246e-01
1.149149e+00		9.688543e-01		9.386437e-01		8.810769e-01
1.151151e+00		9.688563e-01		9.386474e-01		8.810857e-01
1.153153e+00		9.689577e-01		9.388438e-01		8.814475e-01
1.155155e+00		9.689896e-01		9.389054e-01		8.815687e-01
1.157157e+00		9.688677e-01		9.386686e-01		8.811200e-01
1.159159e+00		9.688825e-01		9.386988e-01		8.811812e-01
1.161161e+00		9.690415e-01		9.390059e-01		8.817544e-01
1.163163e+00		9.688578e-01		9.386492e-01		8.810803e-01
1.165165e+00		9.688998e-01		9.387302e-01		8.812325e-01
1.167167e+00		9.689132e-01		9.387561e-01		8.812804e-01
1.169169e+00		9.688887e-01		9.387109e-01		8.812031e-01
1.171171e+00		9.687069e-01		9.383564e-01		8.805297e-01
1.173173e+00		9.687563e-01		9.384518e-01		8.807103e-01
1.175175e+00		9.688324e-01		9.386021e-01		8.809979e-01
1.177177e+00		9.688680e-01		9.386696e-01		8.811221e-01
1.179179e+00		9.689360e-01		9.388007e-01		8.813650e-01
1.181181e+00		9.686351e-01		9.382169e-01		8.802709e-01
1.183183e+00		9.685557e-01		9.380639e-01		8.799842e-01
1.185185e+00		9.688380e-01		9.386122e-01		8.810145e-01
1.187187e+00		9.686586e-01		9.382626e-01		8.803547e-01
1.189189e+00		9.688188e-01		9.385749e-01		8.809475e-01
1.191191e+00		9.688682e-01		9.386669e-01		8.811101e-01
1.193193e+00		9.688805e-01		9.386932e-01		8.811623e-01
1.195195e+00		9.686479e-01		9.382410e-01		8.803121e-01
1.197197e+00		9.687079e-01		9.383594e-01		8.805376e-01
1.199199e+00		9.688668e-01		9.386673e-01		8.811180e-01
1.201201e+00		9.688733e-01		9.386784e-01		8.811363e-01
1.203203e+00		9.686520e-01		9.382494e-01		8.803279e-01
1.205205e+00		9.689329e-01		9.387932e-01		8.813503e-01
1.207207e+00		9.688156e-01		9.385670e-01		8.809294e-01
1.209209e+00		9.689146e-01		9.387582e-01		8.812853e-01
1.211211e+00		9.688317e-01		9.385969e-01		8.809805e-01
1.213213e+00		9.689279e-01		9.387847e-01		8.813374e-01
1.215215e+00		9.687766e-01		9.384915e-01		8.807866e-01
1.217217e+00		9.686561e-01		9.382586e-01		8.803504e-01
1.219219e+00		9.689577e-01		9.388416e-01		8.814398e-01
1.221221e+00		9.688286e-01		9.385910e-01		8.809700e-01
1.223223e+00		9.686823e-01		9.383094e-01		8.804454e-01
1.225225e+00		9.688637e-01		9.386606e-01		8.811055e-01
1.227227e+00		9.689179e-01		9.387629e-01		8.812877e-01
1.229229e+00		9.688780e-01		9.386863e-01		8.811489e-01
1.231231e+00		9.690908e-01		9.390993e-01		8.819252e-01
1.233233e+00		9.687801e-01		9.384972e-01		8.807934e-01
1.235235e+00		9.687192e-01		9.383792e-01		8.805732e-01
1.237237e+00		9.689470e-01		9.388206e-01		8.814030e-01
1.239239e+00		9.690180e-01		9.389565e-01		8.816561e-01
1.241241e+00		9.689345e-01		9.387959e-01		8.813527e-01
1.243243e+00		9.689040e-01		9.387363e-01		8.812415e-01
1.245245e+00		9.689241e-01		9.387769e-01		8.813228e-01
1.247247e+00		9.687585e-01		9.384551e-01		8.807145e-01
1.249249e+00		9.689972e-01		9.389164e-01		8.815799e-01
1.251251e+00		9.689103e-01		9.387480e-01		8.812625e-01
1.253253e+00		9.688494e-01		9.386289e-01		8.810341e-01
1.255255e+00		9.689990e-01		9.389195e-01		8.815838e-01
1.257257e+00		9.687362e-01		9.384110e-01		8.806324e-01
1.259259e+00		9.688629e-01		9.386566e-01		8.810911e-01
1.261261e+00		9.688198e-01		9.385751e-01		8.809421e-01
1.263263e+00		9.688857e-01		9.387002e-01		8.811758e-01
1.265265e+00		9.690735e-01		9.390640e-01		8.818572e-01
1.267267e+00		9.687262e-01		9.383915e-01		8.805933e-01
1.269269e+00		9.687681e-01		9.384717e-01		8.807407e-01
1.271271e+00		9.689067e-01		9.387403e-01		8.812438e-01
1.273273e+00		9.688295e-01		9.385928e-01		8.809744e-01
1.275275e+00		9.687072e-01		9.383542e-01		8.805218e-01
1.277277e+00		9.688286e-01		9.385892e-01		8.809596e-01
1.279279e+00		9.689322e-01		9.387903e-01		8.813410e-01
1.281281e+00		9.688795e-01		9.386871e-01		8.811451e-01
1.283283e+00		9.686427e-01		9.382301e-01		8.802878e-01
1.285285e+00		9.689616e-01		9.388460e-01		8.814450e-01
1.287287e+00		9.688166e-01		9.385677e-01		8.809277e-01
1.289289e+00		9.688296e-01		9.385904e-01		8.809622e-01
1.291291e+00		9.689199e-01		9.387658e-01		8.812926e-01
1.293293e+00		9.689780e-01		9.388793e-01		8.815093e-01
1.295295e+00		9.689209e-01		9.387684e-01		8.813008e-01
1.297297e+00		9.687672e-01		9.384688e-01		8.807350e-01
1.299299e+00		9.689738e-01		9.388704e-01		8.814900e-01
1.301301e+00		9.687075e-01		9.383554e-01		8.805254e-01
1.303303e+00		9.688273e-01		9.385869e-01		8.809573e-01
1.305305e+00		9.686742e-01		9.382907e-01		8.804047e-01
1.307307e+00		9.688793e-01		9.386859e-01		8.811402e-01
1.309309e+00		9.688509e-01		9.386308e-01		8.810377e-01
1.311311e+00		9.689156e-01		9.387580e-01		8.812812e-01
1.313313e+00		9.688613e-01		9.386514e-01		8.810758e-01
1.315315e+00		9.688876e-01		9.387032e-01		8.811766e-01
1.317317e+00		9.687150e-01		9.383674e-01		8.805440e-01
1.319319e+00		9.690023e-01		9.389258e-01		8.815966e-01
1.321321e+00		9.686794e-01		9.382998e-01		8.804205e-01
1.323323e+00		9.688239e-01		9.385793e-01		8.809434e-01
1.325325e+00		9.689139e-01		9.387537e-01		8.812683e-01
1.327327e+00		9.686647e-01		9.382709e-01		8.803616e-01
1.329329e+00		9.686890e-01		9.383173e-01		8.804520e-01
1.331331e+00		9.688058e-01		9.385425e-01		8.808723e-01
1.333333e+00		9.689767e-01		9.388748e-01		8.814985e-01
1.335335e+00		9.689115e-01		9.387490e-01		8.812651e-01
1.337337e+00		9.687106e-01		9.383590e-01		8.805264e-01
1.339339e+00		9.689017e-01		9.387310e-01		8.812318e-01
1.341341e+00		9.687339e-01		9.384046e-01		8.806151e-01
1.343343e+00		9.687495e-01		9.384347e-01		8.806706e-01
1.345345e+00		9.688204e-01		9.385719e-01		8.809288e-01
1.347347e+00		9.690254e-01		9.389682e-01		8.816689e-01
1.349349e+00		9.689723e-01		9.388657e-01		8.814807e-01
1.351351e+00		9.689695e-01		9.388610e-01		8.814714e-01
1.353353e+00		9.686817e-01		9.383033e-01		8.804247e-01
1.355355e+00		9.686814e-01		9.383036e-01		8.804250e-01
1.357357e+00		9.686861e-01		9.383114e-01		8.804375e-01
1.359359e+00		9.687735e-01		9.384817e-01		8.807595e-01
1.361361e+00		9.687781e-01		9.384895e-01		8.807720e-01
1.363363e+00		9.687368e-01		9.384089e-01		8.806181e-01
1.365365e+00		9.687996e-01		9.385319e-01		8.808518e-01
1.367367e+00		9.688415e-01		9.386132e-01		8.810040e-01
1.369369e+00		9.687715e-01		9.384781e-01		8.807550e-01
1.371371e+00		9.687900e-01		9.385122e-01		8.808136e-01
1.373373e+00		9.690394e-01		9.389955e-01		8.817226e-01
1.375375e+00		9.687549e-01		9.384435e-01		8.806834e-01
1.377377e+00		9.687352e-01		9.384050e-01		8.806127e-01
1.379379e+00		9.688650e-01		9.386577e-01		8.810877e-01
1.381381e+00		9.688127e-01		9.385563e-01		8.808989e-01
1.383383e+00		9.688257e-01		9.385816e-01		8.809464e-01
1.385385e+00		9.686873e-01		9.383141e-01		8.804411e-01
1.387387e+00		9.688978e-01		9.387196e-01		8.812005e-01
1.389389e+00		9.688437e-01		9.386171e-01		8.810142e-01
1.391391e+00		9.687728e-01		9.384768e-01		8.807454e-01
1.393393e+00		9.687076e-01		9.383522e-01		8.805143e-01
1.395395e+00		9.688666e-01		9.386602e-01		8.810884e-01
1.397397e+00		9.688746e-01		9.386741e-01		8.811158e-01
1.399399e+00		9.689335e-01		9.387899e-01		8.813349e-01
1.401401e+00		9.690333e-01		9.389825e-01		8.816957e-01
1.403403e+00		9.689244e-01		9.387720e-01		8.813012e-01
1.405405e+00		9.688319e-01		9.385935e-01		8.809688e-01
1.407407e+00		9.688390e-01		9.386062e-01		8.809915e-01
1.409409e+00		9.690070e-01		9.389317e-01		8.816032e-01
1.411411e+00		9.687740e-01		9.384820e-01		8.807590e-01
1.413413e+00		9.688472e-01		9.386218e-01		8.810192e-01
1.415415e+00		9.691390e-01		9.391890e-01		8.820888e-01
1.417417e+00		9.688128e-01		9.385567e-01		8.808990e-01
1.419419e+00		9.688882e-01		9.387006e-01		8.811638e-01
1.421421e+00		9.690040e-01		9.389250e-01		8.815880e-01
1.423423e+00		9.688075e-01		9.385441e-01		8.808713e-01
1.425425e+00		9.687169e-01		9.383687e-01		8.805436e-01
1.427427e+00		9.688885e-01		9.387023e-01		8.811718e-01
1.429429e+00		9.689597e-01		9.388390e-01		8.814256e-01
1.431431e+00		9.687274e-01		9.383887e-01		8.805766e-01
1.433433e+00		9.688883e-01		9.387016e-01		8.811697e-01
1.435435e+00		9.687814e-01		9.384968e-01		8.807868e-01
1.437437e+00		9.688184e-01		9.385654e-01		8.809139e-01
1.439439e+00		9.690825e-01		9.390786e-01		8.818777e-01
1.441441e+00		9.687973e-01		9.385249e-01		8.808365e-01
1.443443e+00		9.687113e-01		9.383579e-01		8.805221e-01
1.445445e+00		9.689760e-01		9.388721e-01		8.814880e-01
1.447447e+00		9.690929e-01		9.390982e-01		8.819142e-01
1.449449e+00		9.689616e-01		9.388442e-01		8.814371e-01
1.451451e+00		9.686007e-01		9.381449e-01		8.801226e-01
1.453453e+00		9.688257e-01		9.385812e-01		8.809460e-01
1.455455e+00		9.689536e-01		9.388284e-01		8.814067e-01
1.457457e+00		9.688674e-01		9.386623e-01		8.810942e-01
1.459459e+00		9.689548e-01		9.388300e-01		8.814098e-01
1.461461e+00		9.689232e-01		9.387687e-01		8.812948e-01
1.463463e+00		9.689271e-01		9.387758e-01		8.813036e-01
1.465465e+00		9.688616e-01		9.386484e-01		8.810663e-01
1.467467e+00		9.687743e-01		9.384795e-01		8.807483e-01
1.469469e+00		9.688770e-01		9.386787e-01		8.811227e-01
1.471471e+00		9.688887e-01		9.387029e-01		8.811716e-01
1.473473e+00		9.688156e-01		9.385596e-01		8.809005e-01
1.475475e+00		9.688446e-01		9.386164e-01		8.810059e-01
1.477477e+00		9.688440e-01		9.386147e-01		8.810018e-01
1.479479e+00		9.686602e-01		9.382571e-01		8.803272e-01
1.481481e+00		9.688223e-01		9.385727e-01		8.809253e-01
1.483483e+00		9.690483e-01		9.390106e-01		8.817479e-01
1.485485e+00		9.689569e-01		9.388345e-01		8.814187e-01
1.487487e+00		9.687278e-01		9.383884e-01		8.805758e-01
1.489489e+00		9.689225e-01		9.387667e-01		8.812893e-01
1.491491e+00		9.688669e-01		9.386582e-01		8.810832e-01
1.493493e+00		9.688899e-01		9.387064e-01		8.811792e-01
1.495495e+00		9.687775e-01		9.384852e-01		8.807587e-01
1.497497e+00		9.689014e-01		9.387257e-01		8.812136e-01
1.499499e+00		9.689681e-01		9.388551e-01		8.814557e-01
1.501502e+00		9.688144e-01		9.385569e-01		8.808933e-01
1.503504e+00		9.689328e-01		9.387837e-01		8.813147e-01
1.505506e+00		9.688761e-01		9.386764e-01		8.811187e-01
1.507508e+00		9.688367e-01		9.386017e-01		8.809815e-01
1.509510e+00		9.689393e-01		9.387999e-01		8.813525e-01
1.511512e+00		9.688447e-01		9.386159e-01		8.810043e-01
1.513514e+00		9.687854e-01		9.385001e-01		8.807863e-01
1.515516e+00		9.688261e-01		9.385802e-01		8.809402e-01
1.517518e+00		9.687867e-01		9.385025e-01		8.807889e-01
1.519520e+00		9.686489e-01		9.382361e-01		8.802881e-01
1.521522e+00		9.688222e-01		9.385723e-01		8.809245e-01
1.523524e+00		9.689203e-01		9.387625e-01		8.812787e-01
1.525526e+00		9.688310e-01		9.385879e-01		8.809479e-01
1.527528e+00		9.687171e-01		9.383675e-01		8.805356e-01
1.529530e+00		9.690552e-01		9.390228e-01		8.817670e-01
1.531532e+00		9.686449e-01		9.382284e-01		8.802775e-01
1.533534e+00		9.691934e-01		9.392907e-01		8.822707e-01
1.535536e+00		9.687407e-01		9.384145e-01		8.806272e-01
1.537538e+00		9.689433e-01		9.388069e-01		8.813637e-01
1.539540e+00		9.688319e-01		9.385895e-01		8.809528e-01
1.541542e+00		9.687294e-01		9.383913e-01		8.805785e-01
1.543544e+00		9.687444e-01		9.384218e-01		8.806405e-01
1.545546e+00		9.687207e-01		9.383746e-01		8.805484e-01
1.547548e+00		9.689203e-01		9.387608e-01		8.812740e-01
1.549550e+00		9.687822e-01		9.384950e-01		8.807787e-01
1.551552e+00		9.688582e-01		9.386413e-01		8.810526e-01
1.553554e+00		9.688039e-01		9.385356e-01		8.808533e-01
1.555556e+00		9.686668e-01		9.382693e-01		8.803472e-01
1.557558e+00		9.687478e-01		9.384263e-01		8.806448e-01
1.559560e+00		9.687864e-01		9.385029e-01		8.807928e-01
1.561562e+00		9.689550e-01		9.388288e-01		8.814043e-01
1.563564e+00		9.688866e-01		9.386972e-01		8.811584e-01
1.565566e+00		9.689274e-01		9.387740e-01		8.812995e-01
1.567568e+00		9.687362e-01		9.384056e-01		8.806064e-01
1.569570e+00		9.687812e-01		9.384919e-01		8.807684e-01
1.571572e+00		9.688705e-01		9.386659e-01		8.810993e-01
1.573574e+00		9.687794e-01		9.384887e-01		8.807645e-01
1.575576e+00		9.690207e-01		9.389549e-01		8.816376e-01
1.577578e+00		9.687258e-01		9.383842e-01		8.805663e-01
1.579580e+00		9.688749e-01		9.386747e-01		8.811137e-01
1.581582e+00		9.689715e-01		9.388596e-01		8.814598e-01
1.583584e+00		9.689430e-01		9.388046e-01		8.813542e-01
1.585586e+00		9.687952e-01		9.385184e-01		8.808168e-01
1.587588e+00		9.689915e-01		9.388993e-01		8.815356e-01
1.589590e+00		9.687747e-01		9.384785e-01		8.807424e-01
1.591592e+00		9.689480e-01		9.388165e-01		8.813853e-01
1.593594e+00		9.691137e-01		9.391346e-01		8.819753e-01
1.595596e+00		9.687642e-01		9.384586e-01		8.807072e-01
1.597598e+00		9.687281e-01		9.383875e-01		8.805715e-01
1.599600e+00		9.688575e-01		9.386389e-01		8.810445e-01
1.601602e+00		9.687986e-01		9.385257e-01		8.808335e-01
1.603604e+00		9.687302e-01		9.383943e-01		8.805897e-01
1.605606e+00		9.687541e-01		9.384391e-01		8.806698e-01
1.607608e+00		9.688805e-01		9.386842e-01		8.811330e-01
1.609610e+00		9.688203e-01		9.385670e-01		8.809080e-01
1.611612e+00		9.688919e-01		9.387053e-01		8.811682e-01
1.613614e+00		9.687599e-01		9.384497e-01		8.806894e-01
1.615616e+00		9.690192e-01		9.389529e-01		8.816355e-01
1.617618e+00		9.689845e-01		9.388849e-01		8.815051e-01
1.619620e+00		9.687251e-01		9.383831e-01		8.805650e-01
1.621622e+00		9.688379e-01		9.386005e-01		8.809723e-01
1.623624e+00		9.688638e-01		9.386516e-01		8.810681e-01
1.625626e+00		9.689561e-01		9.388290e-01		8.814018e-01
1.627628e+00		9.690516e-01		9.390149e-01		8.817529e-01
1.629630e+00		9.688982e-01		9.387169e-01		8.811904e-01
1.631632e+00		9.689555e-01		9.388295e-01		8.814060e-01
1.633634e+00		9.689098e-01		9.387401e-01		8.812341e-01
1.635636e+00		9.688507e-01		9.386245e-01		8.810140e-01
1.637638e+00		9.688910e-01		9.387027e-01		8.811636e-01
1.639640e+00		9.689126e-01		9.387450e-01		8.812433e-01
1.641642e+00		9.687371e-01		9.384072e-01		8.806126e-01
1.643644e+00		9.687672e-01		9.384645e-01		8.807187e-01
1.645646e+00		9.687889e-01		9.385055e-01		8.807932e-01
1.647648e+00		9.688453e-01		9.386142e-01		8.809990e-01
1.649650e+00		9.688664e-01		9.386558e-01		8.810768e-01
1.651652e+00		9.690466e-01		9.390046e-01		8.817303e-01
1.653654e+00		9.688102e-01		9.385480e-01		8.808767e-01
1.655656e+00		9.690324e-01		9.389778e-01		8.816799e-01
1.657658e+00		9.688538e-01		9.386304e-01		8.810248e-01
1.659660e+00		9.688928e-01		9.387069e-01		8.811706e-01
1.661662e+00		9.689429e-01		9.388039e-01		8.813542e-01
1.663664e+00		9.688084e-01		9.385457e-01		8.808746e-01
1.665666e+00		9.688447e-01		9.386145e-01		8.809999e-01
1.667668e+00		9.689826e-01		9.388796e-01		8.814954e-01
1.669670e+00		9.687115e-01		9.383537e-01		8.805034e-01
1.671672e+00		9.688408e-01		9.386051e-01		8.809780e-01
1.673674e+00		9.687489e-01		9.384287e-01		8.806506e-01
1.675676e+00		9.689029e-01		9.387260e-01		8.812070e-01
1.677678e+00		9.688639e-01		9.386494e-01		8.810600e-01
1.679680e+00		9.689205e-01		9.387604e-01		8.812733e-01
1.681682e+00		9.690148e-01		9.389426e-01		8.816136e-01
1.683684e+00		9.689451e-01		9.388074e-01		8.813600e-01
1.685686e+00		9.688175e-01		9.385606e-01		8.808968e-01
1.687688e+00		9.687132e-01		9.383576e-01		8.805137e-01
1.689690e+00		9.688923e-01		9.387044e-01		8.811644e-01
1.691692e+00		9.688456e-01		9.386143e-01		8.809966e-01
1.693694e+00		9.687645e-01		9.384568e-01		8.806989e-01
1.695696e+00		9.686498e-01		9.382347e-01		8.802804e-01
1.697698e+00		9.689092e-01		9.387366e-01		8.812221e-01
1.699700e+00		9.688001e-01		9.385270e-01		8.808322e-01
1.701702e+00		9.689044e-01		9.387285e-01		8.812135e-01
1.703704e+00		9.687387e-01		9.384075e-01		8.806093e-01
1.705706e+00		9.689262e-01		9.387706e-01		8.812883e-01
1.707708e+00		9.687653e-01		9.384594e-01		8.807053e-01
1.709710e+00		9.687850e-01		9.384965e-01		8.807748e-01
1.711712e+00		9.686821e-01		9.382985e-01		8.804027e-01
1.713714e+00		9.688431e-01		9.386108e-01		8.809920e-01
1.715716e+00		9.688176e-01		9.385613e-01		8.808979e-01
1.717718e+00		9.688001e-01		9.385264e-01		8.808302e-01
1.719720e+00		9.686143e-01		9.381655e-01		8.801512e-01
1.721722e+00		9.688950e-01		9.387106e-01		8.811773e-01
1.723724e+00		9.688809e-01		9.386841e-01		8.811294e-01
1.725726e+00		9.688718e-01		9.386651e-01		8.810914e-01
1.727728e+00		9.686737e-01		9.382808e-01		8.803682e-01
1.729730e+00		9.689379e-01		9.387929e-01		8.813308e-01
1.731732e+00		9.687836e-01		9.384936e-01		8.807665e-01
1.733734e+00		9.689092e-01		9.387374e-01		8.812282e-01
1.735736e+00		9.687908e-01		9.385077e-01		8.807943e-01
1.737738e+00		9.689054e-01		9.387300e-01		8.812100e-01
1.739740e+00		9.688118e-01		9.385472e-01		8.808674e-01
1.741742e+00		9.687396e-01		9.384088e-01		8.806077e-01
1.743744e+00		9.690258e-01		9.389623e-01		8.816504e-01
1.745746e+00		9.690221e-01		9.389586e-01		8.816474e-01
1.747748e+00		9.689187e-01		9.387569e-01		8.812639e-01
1.749750e+00		9.689852e-01		9.388856e-01		8.815048e-01
1.751752e+00		9.689480e-01		9.388126e-01		8.813679e-01
1.753754e+00		9.688888e-01		9.386985e-01		8.811545e-01
1.755756e+00		9.688899e-01		9.386993e-01		8.811543e-01
1.757758e+00		9.689533e-01		9.388225e-01		8.813865e-01
1.759760e+00		9.690328e-01		9.389751e-01		8.816707e-01
1.761762e+00		9.688387e-01		9.386021e-01		8.809760e-01
1.763764e+00		9.687517e-01		9.384322e-01		8.806528e-01
1.765766e+00		9.686879e-01		9.383070e-01		8.804144e-01
1.767768e+00		9.686865e-01		9.383054e-01		8.804153e-01
1.769770e+00		9.689411e-01		9.388015e-01		8.813508e-01
1.771772e+00		9.689040e-01		9.387270e-01		8.812061e-01
1.773774e+00		9.688535e-01		9.386285e-01		8.810210e-01
1.775776e+00		9.686386e-01		9.382124e-01		8.802391e-01
1.777778e+00		9.687470e-01		9.384212e-01		8.806293e-01
1.779780e+00		9.688694e-01		9.386603e-01		8.810824e-01
1.781782e+00		9.687828e-01		9.384920e-01		8.807637e-01
1.783784e+00		9.687072e-01		9.383457e-01		8.804888e-01
1.785786e+00		9.688207e-01		9.385652e-01		8.809005e-01
1.787788e+00		9.688354e-01		9.385931e-01		8.809532e-01
1.789790e+00		9.688944e-01		9.387081e-01		8.811710e-01
1.791792e+00		9.689473e-01		9.388102e-01		8.813617e-01
1.793794e+00		9.689723e-01		9.388595e-01		8.814536e-01
1.795796e+00		9.689823e-01		9.388771e-01		8.814844e-01
1.797798e+00		9.688812e-01		9.386826e-01		8.811211e-01
1.799800e+00		9.690779e-01		9.390654e-01		8.818423e-01
1.801802e+00		9.688654e-01		9.386520e-01		8.810661e-01
1.803804e+00		9.689310e-01		9.387809e-01		8.813130e-01
1.805806e+00		9.687989e-01		9.385225e-01		8.808193e-01
1.807808e+00		9.690152e-01		9.389421e-01		8.816097e-01
1.809810e+00		9.689432e-01		9.388022e-01		8.813457e-01
1.811812e+00		9.688445e-01		9.386111e-01		8.809880e-01
1.813814e+00		9.689017e-01		9.387223e-01		8.811974e-01
1.815816e+00		9.687270e-01		9.383830e-01		8.805576e-01
1.817818e+00		9.688428e-01		9.386084e-01		8.809827e-01
1.819820e+00		9.688800e-01		9.386801e-01		8.811163e-01
1.821822e+00		9.688685e-01		9.386581e-01		8.810801e-01
1.823824e+00		9.688367e-01		9.385967e-01		8.809643e-01
1.825826e+00		9.688169e-01		9.385577e-01		8.808886e-01
1.827828e+00		9.689499e-01		9.388144e-01		8.813691e-01
1.829830e+00		9.688431e-01		9.386079e-01		8.809792e-01
1.831832e+00		9.688550e-01		9.386326e-01		8.810290e-01
1.833834e+00		9.687514e-01		9.384307e-01		8.806484e-01
1.835836e+00		9.687240e-01		9.383779e-01		8.805480e-01
1.837838e+00		9.688834e-01		9.386855e-01		8.811243e-01
1.839840e+00		9.688055e-01		9.385346e-01		8.808410e-01
1.841842e+00		9.687864e-01		9.384975e-01		8.807740e-01
1.843844e+00		9.687582e-01		9.384439e-01		8.806768e-01
1.845846e+00		9.687995e-01		9.385238e-01		8.808253e-01
1.847848e+00		9.687448e-01		9.384175e-01		8.806212e-01
1.849850e+00		9.686593e-01		9.382519e-01		8.803112e-01
1.851852e+00		9.689581e-01		9.388310e-01		8.814006e-01
1.853854e+00		9.688956e-01		9.387097e-01		8.811705e-01
1.855856e+00		9.688181e-01		9.385595e-01		8.808905e-01
1.857858e+00		9.688147e-01		9.385539e-01		8.808830e-01
1.859860e+00		9.687574e-01		9.384433e-01		8.806735e-01
1.861862e+00		9.688001e-01		9.385243e-01		8.808239e-01
1.863864e+00		9.688072e-01		9.385393e-01		8.808533e-01
1.865866e+00		9.688688e-01		9.386579e-01		8.810761e-01
1.867868e+00		9.689528e-01		9.388205e-01		8.813823e-01
1.869870e+00		9.690236e-01		9.389569e-01		8.816356e-01
1.871872e+00		9.687365e-01		9.384017e-01		8.805959e-01
1.873874e+00		9.687068e-01		9.383444e-01		8.804848e-01
1.875876e+00		9.684400e-01		9.378265e-01		8.795137e-01
1.877878e+00		9.689202e-01		9.387575e-01		8.812635e-01
1.879880e+00		9.690442e-01		9.389964e-01		8.817081e-01
1.881882e+00		9.690177e-01		9.389450e-01		8.816102e-01
1.883884e+00		9.687226e-01		9.383752e-01		8.805441e-01
1.885886e+00		9.687970e-01		9.385181e-01		8.808120e-01
1.887888e+00		9.688560e-01		9.386321e-01		8.810256e-01
1.889890e+00		9.688677e-01		9.386555e-01		8.810700e-01
1.891892e+00		9.686191e-01		9.381731e-01		8.801638e-01
1.893894e+00		9.688295e-01		9.385832e-01		8.809389e-01
1.895896e+00		9.688043e-01		9.385328e-01		8.808402e-01
1.897898e+00		9.689833e-01		9.388798e-01		8.814920e-01
1.899900e+00		9.687431e-01		9.384137e-01		8.806153e-01
1.901902e+00		9.687350e-01		9.383981e-01		8.805851e-01
1.903904e+00		9.689651e-01		9.388435e-01		8.814219e-01
1.905906e+00		9.688885e-01		9.386955e-01		8.811457e-01
1.907908e+00		9.686836e-01		9.382981e-01		8.803965e-01
1.909910e+00		9.690897e-01		9.390865e-01		8.818819e-01
1.911912e+00		9.688585e-01		9.386351e-01		8.810275e-01
1.913914e+00		9.688840e-01		9.386871e-01		8.811301e-01
1.915916e+00		9.687850e-01		9.384960e-01		8.807723e-01
1.917918e+00		9.688080e-01		9.385394e-01		8.808518e-01
1.919920e+00		9.690070e-01		9.389244e-01		8.815768e-01
1.921922e+00		9.688617e-01		9.386441e-01		8.810506e-01
1.923924e+00		9.690075e-01		9.389256e-01		8.815757e-01
1.925926e+00		9.688360e-01		9.385945e-01		8.809546e-01
1.927928e+00		9.687841e-01		9.384927e-01		8.807650e-01
1.929930e+00		9.688904e-01		9.386993e-01		8.811510e-01
1.931932e+00		9.688288e-01		9.385803e-01		8.809309e-01
1.933934e+00		9.688085e-01		9.385403e-01		8.808526e-01
1.935936e+00		9.689070e-01		9.387300e-01		8.812058e-01
1.937938e+00		9.687800e-01		9.384847e-01		8.807461e-01
1.939940e+00		9.687778e-01		9.384811e-01		8.807403e-01
1.941942e+00		9.687444e-01		9.384165e-01		8.806238e-01
1.943944e+00		9.688521e-01		9.386263e-01		8.810176e-01
1.945946e+00		9.689536e-01		9.388227e-01		8.813867e-01
1.947948e+00		9.688512e-01		9.386228e-01		8.810063e-01
1.949950e+00		9.687983e-01		9.385198e-01		8.808128e-01
1.951952e+00		9.687448e-01		9.384168e-01		8.806197e-01
1.953954e+00		9.689304e-01		9.387769e-01		8.812983e-01
1.955956e+00		9.689710e-01		9.388548e-01		8.814427e-01
1.957958e+00		9.687864e-01		9.384973e-01		8.807740e-01
1.959960e+00		9.688372e-01		9.385941e-01		8.809491e-01
1.961962e+00		9.687948e-01		9.385130e-01		8.808007e-01
1.963964e+00		9.689161e-01		9.387495e-01		8.812472e-01
1.965966e+00		9.689253e-01		9.387667e-01		8.812802e-01
1.967968e+00		9.688960e-01		9.387085e-01		8.811660e-01
1.969970e+00		9.686590e-01		9.382531e-01		8.803171e-01
1.971972e+00		9.689104e-01		9.387371e-01		8.812221e-01
1.973974e+00		9.687711e-01		9.384674e-01		8.807154e-01
1.975976e+00		9.688657e-01		9.386509e-01		8.810616e-01
1.977978e+00		9.686010e-01		9.381388e-01		8.801003e-01
1.979980e+00		9.689492e-01		9.388117e-01		8.813609e-01
1.981982e+00		9.687593e-01		9.384440e-01		8.806704e-01
1.983984e+00		9.689603e-01		9.388335e-01		8.814014e-01
1.985986e+00		9.688590e-01		9.386389e-01		8.810391e-01
1.987988e+00		9.688425e-01		9.386054e-01		8.809732e-01
1.989990e+00		9.687042e-01		9.383368e-01		8.804668e-01
1.991992e+00		9.688526e-01		9.386259e-01		8.810139e-01
1.993994e+00		9.687129e-01		9.383547e-01		8.805021e-01
1.995996e+00		9.688768e-01		9.386727e-01		8.811002e-01
1.997998e+00		9.689077e-01		9.387318e-01		8.812131e-01
2.000000e+00		9.688067e-01		9.385352e-01		8.808405e-01
