T	Real part of <m>	<|m|^2>	<|m|^4>
0.000000e+00		1.000100e+00		1.000100e+00		1.000100e+00
2.002002e-03		1.000100e+00		1.000100e+00		1.000100e+00
4.004004e-03		1.000100e+00		1.000100e+00		1.000100e+00
6.006006e-03		1.000100e+00		1.000100e+00		1.000100e+00
8.008008e-03		1.000100e+00		1.000100e+00		1.000100e+00
1.001001e-02		1.000100e+00		1.000100e+00		1.000100e+00
1.201201e-02		1.000100e+00		1.000100e+00		1.000100e+00
1.401401e-02		1.000100e+00		1.000100e+00		1.000100e+00
1.601602e-02		1.000100e+00		1.000100e+00		1.000100e+00
1.801802e-02		1.000100e+00		1.000100e+00		1.000100e+00
2.002002e-02		1.000100e+00		1.000100e+00		1.000100e+00
2.202202e-02		1.000100e+00		1.000100e+00		1.000100e+00
2.402402e-02		1.000100e+00		1.000100e+00		1.000100e+00
2.602603e-02		1.000100e+00		1.000100e+00		1.000100e+00
2.802803e-02		1.000100e+00		1.000100e+00		1.000100e+00
3.003003e-02		1.000100e+00		1.000100e+00		1.000100e+00
3.203203e-02		1.000100e+00		1.000100e+00		1.000100e+00
3.403403e-02		1.000100e+00		1.000100e+00		1.000100e+00
3.603604e-02		1.000100e+00		1.000100e+00		1.000100e+00
3.803804e-02		1.000100e+00		1.000100e+00		1.000100e+00
4.004004e-02		1.000100e+00		1.000100e+00		1.000100e+00
4.204204e-02		1.000100e+00		1.000100e+00		1.000100e+00
4.404404e-02		1.000100e+00		1.000100e+00		1.000100e+00
4.604605e-02		1.000100e+00		1.000100e+00		1.000100e+00
4.804805e-02		1.000100e+00		1.000100e+00		1.000100e+00
5.005005e-02		1.000100e+00		1.000100e+00		1.000100e+00
5.205205e-02		1.000100e+00		1.000100e+00		1.000100e+00
5.405405e-02		1.000100e+00		1.000100e+00		1.000100e+00
5.605606e-02		1.000100e+00		1.000100e+00		1.000100e+00
5.805806e-02		1.000100e+00		1.000100e+00		1.000100e+00
6.006006e-02		1.000100e+00		1.000100e+00		1.000100e+00
6.206206e-02		1.000100e+00		1.000100e+00		1.000100e+00
6.406406e-02		1.000100e+00		1.000100e+00		1.000100e+00
6.606607e-02		1.000100e+00		1.000100e+00		1.000100e+00
6.806807e-02		1.000100e+00		1.000100e+00		1.000100e+00
7.007007e-02		1.000100e+00		1.000100e+00		1.000100e+00
7.207207e-02		1.000100e+00		1.000100e+00		1.000100e+00
7.407407e-02		1.000100e+00		1.000100e+00		1.000100e+00
7.607608e-02		1.000100e+00		1.000100e+00		1.000100e+00
7.807808e-02		1.000100e+00		1.000100e+00		1.000100e+00
8.008008e-02		1.000100e+00		1.000100e+00		1.000100e+00
8.208208e-02		1.000100e+00		1.000100e+00		1.000100e+00
8.408408e-02		1.000100e+00		1.000100e+00		1.000100e+00
8.608609e-02		1.000100e+00		1.000100e+00		1.000100e+00
8.808809e-02		1.000100e+00		1.000100e+00		1.000100e+00
9.009009e-02		1.000100e+00		1.000100e+00		1.000100e+00
9.209209e-02		1.000100e+00		1.000100e+00		1.000100e+00
9.409409e-02		1.000100e+00		1.000100e+00		1.000100e+00
9.609610e-02		1.000100e+00		1.000100e+00		1.000100e+00
9.809810e-02		1.000100e+00		1.000100e+00		1.000100e+00
1.001001e-01		1.000100e+00		1.000100e+00		1.000100e+00
1.021021e-01		1.000100e+00		1.000100e+00		1.000100e+00
1.041041e-01		1.000100e+00		1.000100e+00		1.000100e+00
1.061061e-01		1.000098e+00		1.000095e+00		1.000091e+00
1.081081e-01		1.000100e+00		1.000100e+00		1.000100e+00
1.101101e-01		1.000100e+00		1.000100e+00		1.000100e+00
1.121121e-01		1.000100e+00		1.000100e+00		1.000100e+00
1.141141e-01		1.000100e+00		1.000100e+00		1.000100e+00
1.161161e-01		1.000100e+00		1.000100e+00		1.000100e+00
1.181181e-01		1.000100e+00		1.000100e+00		1.000100e+00
1.201201e-01		1.000100e+00		1.000100e+00		1.000100e+00
1.221221e-01		8.149789e-01		6.761376e-01		4.584740e-01
1.241241e-01		1.000100e+00		1.000100e+00		1.000100e+00
1.261261e-01		1.000100e+00		1.000100e+00		1.000100e+00
1.281281e-01		1.000100e+00		1.000100e+00		1.000100e+00
1.301301e-01		8.125813e-01		6.719422e-01		4.514612e-01
1.321321e-01		8.125813e-01		6.719411e-01		4.514597e-01
1.341341e-01		1.000081e+00		1.000065e+00		1.000038e+00
1.361361e-01		1.000100e+00		1.000100e+00		1.000100e+00
1.381381e-01		9.676250e-01		9.432677e-01		9.050812e-01
1.401401e-01		8.125984e-01		6.719722e-01		4.515113e-01
1.421421e-01		8.125813e-01		6.719422e-01		4.514612e-01
1.441441e-01		1.000100e+00		1.000100e+00		1.000100e+00
1.461461e-01		8.125889e-01		6.719545e-01		4.514822e-01
1.481481e-01		8.125813e-01		6.719422e-01		4.514612e-01
1.501502e-01		8.125813e-01		6.719417e-01		4.514605e-01
1.521522e-01		9.368258e-01		8.893659e-01		8.149594e-01
1.541542e-01		8.162378e-01		6.783402e-01		4.621581e-01
1.561562e-01		8.125813e-01		6.719410e-01		4.514596e-01
1.581582e-01		8.283805e-01		6.995870e-01		4.976799e-01
1.601602e-01		9.905938e-01		9.834590e-01		9.722754e-01
1.621622e-01		8.125865e-01		6.719509e-01		4.514759e-01
1.641642e-01		8.696110e-01		7.717424e-01		6.183131e-01
1.661662e-01		8.417409e-01		7.229694e-01		5.367673e-01
1.681682e-01		8.432700e-01		7.256430e-01		5.412354e-01
1.701702e-01		8.949857e-01		8.161489e-01		6.925541e-01
1.721722e-01		8.638502e-01		7.616567e-01		6.014400e-01
1.741742e-01		8.889570e-01		8.055907e-01		6.748915e-01
1.761762e-01		8.398237e-01		7.196133e-01		5.311600e-01
1.781782e-01		8.652050e-01		7.640227e-01		6.053903e-01
1.801802e-01		8.154332e-01		6.769271e-01		4.597875e-01
1.821822e-01		9.181780e-01		8.567264e-01		7.603798e-01
1.841842e-01		8.874787e-01		8.030042e-01		6.705689e-01
1.861862e-01		8.509445e-01		7.390671e-01		5.636755e-01
1.881882e-01		8.841213e-01		7.971179e-01		6.607101e-01
1.901902e-01		8.441304e-01		7.271442e-01		5.437427e-01
1.921922e-01		8.683800e-01		7.695772e-01		6.146733e-01
1.941942e-01		8.516762e-01		7.403450e-01		5.658150e-01
1.961962e-01		8.525498e-01		7.418746e-01		5.683674e-01
1.981982e-01		8.804211e-01		7.906437e-01		6.498871e-01
2.002002e-01		8.784924e-01		7.872639e-01		6.442371e-01
2.022022e-01		8.796569e-01		7.892972e-01		6.476274e-01
2.042042e-01		8.708745e-01		7.739289e-01		6.219365e-01
2.062062e-01		8.541172e-01		7.445962e-01		5.728857e-01
2.082082e-01		8.745145e-01		7.802968e-01		6.325722e-01
2.102102e-01		8.980500e-01		8.214750e-01		7.013998e-01
2.122122e-01		8.734164e-01		7.783684e-01		6.293404e-01
2.142142e-01		8.491535e-01		7.358961e-01		5.583232e-01
2.162162e-01		8.815182e-01		7.925293e-01		6.530023e-01
2.182182e-01		8.775524e-01		7.856019e-01		6.414367e-01
2.202202e-01		8.645884e-01		7.628957e-01		6.034457e-01
2.222222e-01		8.558577e-01		7.476258e-01		5.779318e-01
2.242242e-01		8.845387e-01		7.977783e-01		6.617282e-01
2.262262e-01		8.785752e-01		7.873368e-01		6.442616e-01
2.282282e-01		8.682144e-01		7.692140e-01		6.139672e-01
2.302302e-01		8.801271e-01		7.900857e-01		6.488915e-01
2.322322e-01		8.886519e-01		8.049754e-01		6.737467e-01
2.342342e-01		8.554294e-01		7.468416e-01		5.765731e-01
2.362362e-01		8.702015e-01		7.726665e-01		6.196963e-01
2.382382e-01		8.623113e-01		7.588437e-01		5.965821e-01
2.402402e-01		8.904372e-01		8.080783e-01		6.788978e-01
2.422422e-01		8.770985e-01		7.847077e-01		6.397753e-01
2.442442e-01		8.722862e-01		7.762856e-01		6.256991e-01
2.462462e-01		8.578953e-01		7.510771e-01		5.835499e-01
2.482482e-01		8.704894e-01		7.731256e-01		6.204230e-01
2.502503e-01		8.808407e-01		7.912408e-01		6.506768e-01
2.522523e-01		8.858568e-01		8.000002e-01		6.653094e-01
2.542543e-01		8.760513e-01		7.828376e-01		6.366337e-01
2.562563e-01		8.635275e-01		7.609045e-01		5.999350e-01
2.582583e-01		8.720120e-01		7.757294e-01		6.246646e-01
2.602603e-01		8.794850e-01		7.887791e-01		6.464257e-01
2.622623e-01		8.624607e-01		7.590210e-01		5.967407e-01
2.642643e-01		8.686275e-01		7.697335e-01		6.145268e-01
2.662663e-01		8.688772e-01		7.701689e-01		6.152732e-01
2.682683e-01		8.725968e-01		7.766817e-01		6.262048e-01
2.702703e-01		8.778648e-01		7.858918e-01		6.415467e-01
2.722723e-01		8.717039e-01		7.750856e-01		6.234532e-01
2.742743e-01		8.746345e-01		7.801581e-01		6.318671e-01
2.762763e-01		8.748141e-01		7.804418e-01		6.322582e-01
2.782783e-01		8.769723e-01		7.842536e-01		6.386912e-01
2.802803e-01		8.770130e-01		7.842642e-01		6.386263e-01
2.822823e-01		8.778287e-01		7.857117e-01		6.410605e-01
2.842843e-01		8.729529e-01		7.771069e-01		6.265856e-01
2.862863e-01		8.709282e-01		7.735427e-01		6.206151e-01
2.882883e-01		8.790824e-01		7.878136e-01		6.444772e-01
2.902903e-01		8.745054e-01		7.797896e-01		6.310481e-01
2.922923e-01		8.810111e-01		7.912035e-01		6.501459e-01
2.942943e-01		8.777039e-01		7.853728e-01		6.403797e-01
2.962963e-01		8.809715e-01		7.910253e-01		6.497309e-01
2.982983e-01		8.760120e-01		7.823055e-01		6.350932e-01
3.003003e-01		8.768581e-01		7.837759e-01		6.375123e-01
3.023023e-01		8.736868e-01		7.781722e-01		6.280808e-01
3.043043e-01		8.762724e-01		7.826826e-01		6.355498e-01
3.063063e-01		8.787422e-01		7.869754e-01		6.427253e-01
3.083083e-01		8.801466e-01		7.893623e-01		6.466886e-01
3.103103e-01		8.792603e-01		7.878233e-01		6.440222e-01
3.123123e-01		8.719473e-01		7.750210e-01		6.226317e-01
3.143143e-01		8.798396e-01		7.888206e-01		6.457607e-01
3.163163e-01		8.690435e-01		7.698970e-01		6.140358e-01
3.183183e-01		8.796168e-01		7.883019e-01		6.446265e-01
3.203203e-01		8.751912e-01		7.805859e-01		6.318373e-01
3.223223e-01		8.733091e-01		7.771619e-01		6.259369e-01
3.243243e-01		8.754893e-01		7.809824e-01		6.322242e-01
3.263263e-01		8.719712e-01		7.747678e-01		6.217540e-01
3.283283e-01		8.757184e-01		7.813100e-01		6.327593e-01
3.303303e-01		8.773313e-01		7.840895e-01		6.373004e-01
3.323323e-01		8.751301e-01		7.802036e-01		6.308421e-01
3.343343e-01		8.666039e-01		7.652238e-01		6.056742e-01
3.363363e-01		8.735040e-01		7.771560e-01		6.253671e-01
3.383383e-01		8.808705e-01		7.900195e-01		6.468533e-01
3.403403e-01		8.759625e-01		7.814997e-01		6.326750e-01
3.423423e-01		8.773782e-01		7.839244e-01		6.366911e-01
3.443443e-01		8.747411e-01		7.792006e-01		6.286602e-01
3.463463e-01		8.767998e-01		7.827781e-01		6.345754e-01
3.483483e-01		8.729298e-01		7.759550e-01		6.231034e-01
3.503504e-01		8.745587e-01		7.787372e-01		6.276625e-01
3.523524e-01		8.696908e-01		7.702743e-01		6.135882e-01
3.543544e-01		8.734245e-01		7.767207e-01		6.242570e-01
3.563564e-01		8.808823e-01		7.896807e-01		6.457777e-01
3.583584e-01		8.745515e-01		7.785625e-01		6.271998e-01
3.603604e-01		8.701899e-01		7.709050e-01		6.144175e-01
3.623624e-01		8.747273e-01		7.787467e-01		6.273422e-01
3.643644e-01		8.754372e-01		7.799399e-01		6.291674e-01
3.663664e-01		8.726907e-01		7.750334e-01		6.208586e-01
3.683684e-01		8.741556e-01		7.776272e-01		6.252560e-01
3.703704e-01		8.727117e-01		7.749755e-01		6.206481e-01
3.723724e-01		8.779710e-01		7.842937e-01		6.363008e-01
3.743744e-01		8.724260e-01		7.744454e-01		6.196000e-01
3.763764e-01		8.725709e-01		7.745514e-01		6.196815e-01
3.783784e-01		8.750083e-01		7.787281e-01		6.265724e-01
3.803804e-01		8.742166e-01		7.773084e-01		6.239673e-01
3.823824e-01		8.740803e-01		7.770723e-01		6.237448e-01
3.843844e-01		8.776803e-01		7.833349e-01		6.340143e-01
3.863864e-01		8.741347e-01		7.769963e-01		6.233379e-01
3.883884e-01		8.776245e-01		7.830459e-01		6.333927e-01
3.903904e-01		8.740383e-01		7.767972e-01		6.230330e-01
3.923924e-01		8.753135e-01		7.789765e-01		6.266859e-01
3.943944e-01		8.739468e-01		7.764436e-01		6.220748e-01
3.963964e-01		8.763631e-01		7.806834e-01		6.291213e-01
3.983984e-01		8.741790e-01		7.767951e-01		6.225966e-01
4.004004e-01		8.745800e-01		7.773774e-01		6.233979e-01
4.024024e-01		8.738131e-01		7.758688e-01		6.205550e-01
4.044044e-01		8.758991e-01		7.796246e-01		6.271463e-01
4.064064e-01		8.730117e-01		7.745067e-01		6.184661e-01
4.084084e-01		8.759413e-01		7.796111e-01		6.269722e-01
4.104104e-01		8.742398e-01		7.765978e-01		6.219553e-01
4.124124e-01		8.761078e-01		7.796385e-01		6.266058e-01
4.144144e-01		8.736773e-01		7.754092e-01		6.196214e-01
4.164164e-01		8.758873e-01		7.792768e-01		6.260501e-01
4.184184e-01		8.740359e-01		7.758551e-01		6.201317e-01
4.204204e-01		8.750556e-01		7.776017e-01		6.228766e-01
4.224224e-01		8.768437e-01		7.807101e-01		6.281174e-01
4.244244e-01		8.751071e-01		7.775741e-01		6.227916e-01
4.264264e-01		8.719147e-01		7.719924e-01		6.134650e-01
4.284284e-01		8.770968e-01		7.808943e-01		6.280604e-01
4.304304e-01		8.749756e-01		7.772329e-01		6.219824e-01
4.324324e-01		8.732532e-01		7.741505e-01		6.168750e-01
4.344344e-01		8.745165e-01		7.762375e-01		6.200682e-01
4.364364e-01		8.751893e-01		7.773225e-01		6.218194e-01
4.384384e-01		8.761829e-01		7.789361e-01		6.241050e-01
4.404404e-01		8.755054e-01		7.776663e-01		6.219524e-01
4.424424e-01		8.744038e-01		7.758742e-01		6.191764e-01
4.444444e-01		8.760935e-01		7.786572e-01		6.234965e-01
4.464464e-01		8.745164e-01		7.759471e-01		6.191431e-01
4.484484e-01		8.752992e-01		7.772404e-01		6.211571e-01
4.504505e-01		8.758125e-01		7.779383e-01		6.220271e-01
4.524525e-01		8.761993e-01		7.786804e-01		6.232914e-01
4.544545e-01		8.753250e-01		7.769567e-01		6.201496e-01
4.564565e-01		8.753648e-01		7.770292e-01		6.203597e-01
4.584585e-01		8.743897e-01		7.752742e-01		6.173918e-01
4.604605e-01		8.772048e-01		7.801792e-01		6.254915e-01
4.624625e-01		8.742518e-01		7.749487e-01		6.168077e-01
4.644645e-01		8.745303e-01		7.753311e-01		6.172753e-01
4.664665e-01		8.751212e-01		7.764211e-01		6.191746e-01
4.684685e-01		8.734502e-01		7.732559e-01		6.135597e-01
4.704705e-01		8.755337e-01		7.770403e-01		6.198101e-01
4.724725e-01		8.740382e-01		7.742714e-01		6.151373e-01
4.744745e-01		8.743805e-01		7.747792e-01		6.157959e-01
4.764765e-01		8.746289e-01		7.751425e-01		6.166166e-01
4.784785e-01		8.754000e-01		7.766067e-01		6.190051e-01
4.804805e-01		8.750273e-01		7.757904e-01		6.174068e-01
4.824825e-01		8.749476e-01		7.755037e-01		6.167833e-01
4.844845e-01		8.736865e-01		7.732394e-01		6.128820e-01
4.864865e-01		8.748468e-01		7.752392e-01		6.161645e-01
4.884885e-01		8.740287e-01		7.737681e-01		6.136042e-01
4.904905e-01		8.756905e-01		7.766966e-01		6.186783e-01
4.924925e-01		8.744766e-01		7.744031e-01		6.145272e-01
4.944945e-01		8.743595e-01		7.741639e-01		6.141290e-01
4.964965e-01		8.752994e-01		7.758124e-01		6.169200e-01
4.984985e-01		8.745281e-01		7.744083e-01		6.144472e-01
5.005005e-01		8.753368e-01		7.757389e-01		6.165173e-01
5.025025e-01		8.750296e-01		7.752187e-01		6.157879e-01
5.045045e-01		8.755944e-01		7.760996e-01		6.168606e-01
5.065065e-01		8.742986e-01		7.737304e-01		6.129593e-01
5.085085e-01		8.738930e-01		7.729617e-01		6.114844e-01
5.105105e-01		8.725805e-01		7.706954e-01		6.077859e-01
5.125125e-01		8.760493e-01		7.765875e-01		6.173126e-01
5.145145e-01		8.748892e-01		7.746111e-01		6.141072e-01
5.165165e-01		8.743733e-01		7.737325e-01		6.127615e-01
5.185185e-01		8.753181e-01		7.753586e-01		6.152432e-01
5.205205e-01		8.748655e-01		7.744466e-01		6.136064e-01
5.225225e-01		8.755314e-01		7.755316e-01		6.153789e-01
5.245245e-01		8.747367e-01		7.740966e-01		6.127583e-01
5.265265e-01		8.748023e-01		7.741112e-01		6.128600e-01
5.285285e-01		8.752593e-01		7.748938e-01		6.139601e-01
5.305305e-01		8.752500e-01		7.748854e-01		6.140604e-01
5.325325e-01		8.755477e-01		7.752452e-01		6.144181e-01
5.345345e-01		8.750719e-01		7.744306e-01		6.130287e-01
5.365365e-01		8.759204e-01		7.758834e-01		6.153641e-01
5.385385e-01		8.752804e-01		7.747336e-01		6.135339e-01
5.405405e-01		8.743966e-01		7.731469e-01		6.107958e-01
5.425425e-01		8.730469e-01		7.707310e-01		6.068737e-01
5.445445e-01		8.748235e-01		7.738132e-01		6.119256e-01
5.465465e-01		8.752243e-01		7.744618e-01		6.128127e-01
5.485485e-01		8.751236e-01		7.741817e-01		6.121470e-01
5.505506e-01		8.757094e-01		7.751651e-01		6.136645e-01
5.525526e-01		8.745633e-01		7.730494e-01		6.101155e-01
5.545546e-01		8.741695e-01		7.724115e-01		6.091947e-01
5.565566e-01		8.763727e-01		7.763232e-01		6.155984e-01
5.585586e-01		8.742937e-01		7.725536e-01		6.092580e-01
5.605606e-01		8.760328e-01		7.755564e-01		6.140887e-01
5.625626e-01		8.763796e-01		7.761398e-01		6.150808e-01
5.645646e-01		8.755101e-01		7.746349e-01		6.126154e-01
5.665666e-01		8.754843e-01		7.744116e-01		6.119778e-01
5.685686e-01		8.751915e-01		7.737325e-01		6.106844e-01
5.705706e-01		8.748984e-01		7.733866e-01		6.102926e-01
5.725726e-01		8.745350e-01		7.725690e-01		6.086622e-01
5.745746e-01		8.749289e-01		7.733500e-01		6.101973e-01
5.765766e-01		8.758007e-01		7.747803e-01		6.122240e-01
5.785786e-01		8.752711e-01		7.739740e-01		6.112550e-01
5.805806e-01		8.742375e-01		7.719482e-01		6.076031e-01
5.825826e-01		8.751797e-01		7.736937e-01		6.104854e-01
5.845846e-01		8.752547e-01		7.737109e-01		6.105829e-01
5.865866e-01		8.741648e-01		7.717475e-01		6.069079e-01
5.885886e-01		8.755008e-01		7.740997e-01		6.108687e-01
5.905906e-01		8.747601e-01		7.727889e-01		6.089712e-01
5.925926e-01		8.747790e-01		7.727093e-01		6.084713e-01
5.945946e-01		8.748821e-01		7.728138e-01		6.085885e-01
5.965966e-01		8.755946e-01		7.741381e-01		6.109020e-01
5.985986e-01		8.746617e-01		7.724669e-01		6.080935e-01
6.006006e-01		8.750016e-01		7.729669e-01		6.087908e-01
6.026026e-01		8.735484e-01		7.704305e-01		6.046630e-01
6.046046e-01		8.753180e-01		7.734430e-01		6.095741e-01
6.066066e-01		8.749594e-01		7.729022e-01		6.086151e-01
6.086086e-01		8.751234e-01		7.731069e-01		6.089559e-01
6.106106e-01		8.756578e-01		7.740280e-01		6.105109e-01
6.126126e-01		8.770313e-01		7.764235e-01		6.143203e-01
6.146146e-01		8.754281e-01		7.735905e-01		6.095234e-01
6.166166e-01		8.749359e-01		7.725036e-01		6.074979e-01
6.186186e-01		8.744929e-01		7.717766e-01		6.063626e-01
6.206206e-01		8.750602e-01		7.727456e-01		6.079739e-01
6.226226e-01		8.746500e-01		7.719064e-01		6.063559e-01
6.246246e-01		8.749219e-01		7.724452e-01		6.073228e-01
6.266266e-01		8.753437e-01		7.730551e-01		6.082778e-01
6.286286e-01		8.759087e-01		7.741885e-01		6.102618e-01
6.306306e-01		8.748328e-01		7.721624e-01		6.067101e-01
6.326326e-01		8.761312e-01		7.745139e-01		6.105950e-01
6.346346e-01		8.747508e-01		7.719318e-01		6.061967e-01
6.366366e-01		8.745070e-01		7.714890e-01		6.054953e-01
6.386386e-01		8.751493e-01		7.725648e-01		6.071316e-01
6.406406e-01		8.751844e-01		7.726219e-01		6.072824e-01
6.426426e-01		8.753578e-01		7.729948e-01		6.080681e-01
6.446446e-01		8.749219e-01		7.720742e-01		6.062287e-01
6.466466e-01		8.748632e-01		7.718831e-01		6.059065e-01
6.486486e-01		8.740360e-01		7.704444e-01		6.033778e-01
6.506507e-01		8.752593e-01		7.726672e-01		6.072350e-01
6.526527e-01		8.735929e-01		7.698086e-01		6.027351e-01
6.546547e-01		8.757914e-01		7.736420e-01		6.088585e-01
6.566567e-01		8.753415e-01		7.727835e-01		6.074540e-01
6.586587e-01		8.751141e-01		7.723102e-01		6.065534e-01
6.606607e-01		8.752524e-01		7.724262e-01		6.064318e-01
6.626627e-01		8.759414e-01		7.736450e-01		6.084929e-01
6.646647e-01		8.746055e-01		7.713530e-01		6.048883e-01
6.666667e-01		8.754329e-01		7.728037e-01		6.073140e-01
6.686687e-01		8.753672e-01		7.725939e-01		6.067143e-01
6.706707e-01		8.754211e-01		7.727008e-01		6.070690e-01
6.726727e-01		8.750789e-01		7.720456e-01		6.057532e-01
6.746747e-01		8.753766e-01		7.725477e-01		6.065920e-01
6.766767e-01		8.750577e-01		7.719837e-01		6.055762e-01
6.786787e-01		8.754165e-01		7.726014e-01		6.065339e-01
6.806807e-01		8.750977e-01		7.720815e-01		6.057442e-01
6.826827e-01		8.753017e-01		7.723523e-01		6.062075e-01
6.846847e-01		8.747742e-01		7.713354e-01		6.044235e-01
6.866867e-01		8.752734e-01		7.722832e-01		6.058547e-01
6.886887e-01		8.747671e-01		7.713584e-01		6.045430e-01
6.906907e-01		8.755477e-01		7.727603e-01		6.066766e-01
6.926927e-01		8.756461e-01		7.728351e-01		6.066495e-01
6.946947e-01		8.751515e-01		7.718997e-01		6.051234e-01
6.966967e-01		8.739985e-01		7.699287e-01		6.020769e-01
6.986987e-01		8.748071e-01		7.713490e-01		6.043585e-01
7.007007e-01		8.749570e-01		7.714941e-01		6.043774e-01
7.027027e-01		8.755008e-01		7.725214e-01		6.060702e-01
7.047047e-01		8.749453e-01		7.714974e-01		6.044060e-01
7.067067e-01		8.750766e-01		7.716839e-01		6.046527e-01
7.087087e-01		8.752968e-01		7.720523e-01		6.052098e-01
7.107107e-01		8.755196e-01		7.723591e-01		6.056437e-01
7.127127e-01		8.757539e-01		7.727341e-01		6.060795e-01
7.147147e-01		8.749430e-01		7.713955e-01		6.042108e-01
7.167167e-01		8.751375e-01		7.716847e-01		6.045860e-01
7.187187e-01		8.748587e-01		7.710883e-01		6.033672e-01
7.207207e-01		8.754118e-01		7.722607e-01		6.055428e-01
7.227227e-01		8.751282e-01		7.716078e-01		6.041662e-01
7.247247e-01		8.751469e-01		7.716816e-01		6.043978e-01
7.267267e-01		8.749641e-01		7.712899e-01		6.037531e-01
7.287287e-01		8.757188e-01		7.726052e-01		6.059299e-01
7.307307e-01		8.754962e-01		7.721782e-01		6.050844e-01
7.327327e-01		8.747180e-01		7.707725e-01		6.026597e-01
7.347347e-01		8.753742e-01		7.718670e-01		6.044689e-01
7.367367e-01		8.752195e-01		7.716810e-01		6.042184e-01
7.387387e-01		8.754727e-01		7.720159e-01		6.044625e-01
7.407407e-01		8.747555e-01		7.708265e-01		6.029023e-01
7.427427e-01		8.743103e-01		7.698929e-01		6.011285e-01
7.447447e-01		8.752828e-01		7.715606e-01		6.038097e-01
7.467467e-01		8.743360e-01		7.699978e-01		6.013242e-01
7.487487e-01		8.752992e-01		7.717101e-01		6.041950e-01
7.507508e-01		8.749640e-01		7.710423e-01		6.029738e-01
7.527528e-01		8.744484e-01		7.700686e-01		6.012570e-01
7.547548e-01		8.749828e-01		7.711440e-01		6.032280e-01
7.567568e-01		8.749383e-01		7.709410e-01		6.027379e-01
7.587588e-01		8.750391e-01		7.712053e-01		6.032601e-01
7.607608e-01		8.747766e-01		7.706734e-01		6.023662e-01
7.627628e-01		8.751187e-01		7.712371e-01		6.032159e-01
7.647648e-01		8.749688e-01		7.709369e-01		6.026985e-01
7.667668e-01		8.747368e-01		7.705226e-01		6.019260e-01
7.687688e-01		8.750930e-01		7.711219e-01		6.029554e-01
7.707708e-01		8.755710e-01		7.719120e-01		6.039522e-01
7.727728e-01		8.757984e-01		7.723135e-01		6.047564e-01
7.747748e-01		8.738602e-01		7.688489e-01		5.990515e-01
7.767768e-01		8.749172e-01		7.706695e-01		6.019442e-01
7.787788e-01		8.751329e-01		7.711550e-01		6.028714e-01
7.807808e-01		8.742657e-01		7.695452e-01		6.001222e-01
7.827828e-01		8.749875e-01		7.708727e-01		6.023020e-01
7.847848e-01		8.753883e-01		7.714740e-01		6.031650e-01
7.867868e-01		8.747953e-01		7.704732e-01		6.017397e-01
7.887888e-01		8.751915e-01		7.711165e-01		6.027289e-01
7.907908e-01		8.749548e-01		7.706646e-01		6.018103e-01
7.927928e-01		8.753671e-01		7.714268e-01		6.030595e-01
7.947948e-01		8.751306e-01		7.710768e-01		6.025686e-01
7.967968e-01		8.758266e-01		7.721430e-01		6.041141e-01
7.987988e-01		8.748515e-01		7.704747e-01		6.015928e-01
8.008008e-01		8.751304e-01		7.709891e-01		6.023616e-01
8.028028e-01		8.756273e-01		7.718716e-01		6.038648e-01
8.048048e-01		8.758898e-01		7.721867e-01		6.040180e-01
8.068068e-01		8.751657e-01		7.709820e-01		6.022658e-01
8.088088e-01		8.746079e-01		7.699798e-01		6.006263e-01
8.108108e-01		8.747133e-01		7.702693e-01		6.011661e-01
8.128128e-01		8.758313e-01		7.720711e-01		6.039720e-01
8.148148e-01		8.749289e-01		7.706022e-01		6.016882e-01
8.168168e-01		8.748774e-01		7.703857e-01		6.012220e-01
8.188188e-01		8.745304e-01		7.698324e-01		6.004206e-01
8.208208e-01		8.752172e-01		7.709604e-01		6.021156e-01
8.228228e-01		8.747414e-01		7.701382e-01		6.007590e-01
8.248248e-01		8.749874e-01		7.705921e-01		6.014113e-01
8.268268e-01		8.743477e-01		7.694905e-01		5.997069e-01
8.288288e-01		8.759555e-01		7.721495e-01		6.037767e-01
8.308308e-01		8.752335e-01		7.709222e-01		6.018237e-01
8.328328e-01		8.750157e-01		7.705545e-01		6.012867e-01
8.348348e-01		8.756109e-01		7.715033e-01		6.026238e-01
8.368368e-01		8.748937e-01		7.702964e-01		6.008670e-01
8.388388e-01		8.760187e-01		7.723211e-01		6.042738e-01
8.408408e-01		8.747040e-01		7.699329e-01		6.001224e-01
8.428428e-01		8.750298e-01		7.704911e-01		6.010961e-01
8.448448e-01		8.746031e-01		7.697944e-01		6.000780e-01
8.468468e-01		8.753461e-01		7.710754e-01		6.020188e-01
8.488488e-01		8.747742e-01		7.700862e-01		6.005979e-01
8.508509e-01		8.747977e-01		7.700442e-01		6.003512e-01
8.528529e-01		8.750976e-01		7.705095e-01		6.010473e-01
8.548549e-01		8.749829e-01		7.703163e-01		6.006517e-01
8.568569e-01		8.752031e-01		7.707680e-01		6.014361e-01
8.588589e-01		8.746477e-01		7.697225e-01		5.996481e-01
8.608609e-01		8.754891e-01		7.711920e-01		6.019694e-01
8.628629e-01		8.745001e-01		7.695659e-01		5.996605e-01
8.648649e-01		8.749195e-01		7.701707e-01		6.004940e-01
8.668669e-01		8.749922e-01		7.702830e-01		6.005007e-01
8.688689e-01		8.741718e-01		7.688804e-01		5.983471e-01
8.708709e-01		8.762039e-01		7.725097e-01		6.042635e-01
8.728729e-01		8.753181e-01		7.708342e-01		6.014571e-01
8.748749e-01		8.750133e-01		7.703473e-01		6.006838e-01
8.768769e-01		8.759203e-01		7.718463e-01		6.029812e-01
8.788789e-01		8.762297e-01		7.724054e-01		6.038778e-01
8.808809e-01		8.746781e-01		7.696890e-01		5.994757e-01
8.828829e-01		8.744789e-01		7.692948e-01		5.988156e-01
8.848849e-01		8.752219e-01		7.706329e-01		6.009380e-01
8.868869e-01		8.736751e-01		7.678382e-01		5.964138e-01
8.888889e-01		8.746570e-01		7.696297e-01		5.993994e-01
8.908909e-01		8.747531e-01		7.698376e-01		5.997661e-01
8.928929e-01		8.754821e-01		7.710825e-01		6.017423e-01
8.948949e-01		8.746291e-01		7.695409e-01		5.991584e-01
8.968969e-01		8.755125e-01		7.710527e-01		6.015212e-01
8.988989e-01		8.740430e-01		7.684486e-01		5.973523e-01
9.009009e-01		8.757844e-01		7.715405e-01		6.024243e-01
9.029029e-01		8.754539e-01		7.709068e-01		6.012452e-01
9.049049e-01		8.745727e-01		7.693528e-01		5.988115e-01
9.069069e-01		8.751024e-01		7.704047e-01		6.006668e-01
9.089089e-01		8.745726e-01		7.693050e-01		5.986241e-01
9.109109e-01		8.755030e-01		7.710049e-01		6.014802e-01
9.129129e-01		8.741789e-01		7.686058e-01		5.974793e-01
9.149149e-01		8.757517e-01		7.713456e-01		6.019081e-01
9.169169e-01		8.758406e-01		7.715295e-01		6.021969e-01
9.189189e-01		8.749711e-01		7.699382e-01		5.995528e-01
9.209209e-01		8.751211e-01		7.703225e-01		6.003509e-01
9.229229e-01		8.747696e-01		7.695783e-01		5.989657e-01
9.249249e-01		8.748656e-01		7.698318e-01		5.994420e-01
9.269269e-01		8.752148e-01		7.704435e-01		6.005196e-01
9.289289e-01		8.759460e-01		7.717003e-01		6.023572e-01
9.309309e-01		8.747321e-01		7.695845e-01		5.990148e-01
9.329329e-01		8.757187e-01		7.711613e-01		6.013555e-01
9.349349e-01		8.750860e-01		7.700889e-01		5.997550e-01
9.369369e-01		8.753204e-01		7.705280e-01		6.004476e-01
9.389389e-01		8.756017e-01		7.710040e-01		6.012398e-01
9.409409e-01		8.749266e-01		7.698387e-01		5.993705e-01
9.429429e-01		8.758547e-01		7.714738e-01		6.020143e-01
9.449449e-01		8.750461e-01		7.700420e-01		5.996947e-01
9.469469e-01		8.757750e-01		7.712720e-01		6.014680e-01
9.489489e-01		8.745258e-01		7.691190e-01		5.982276e-01
9.509510e-01		8.749313e-01		7.697968e-01		5.991382e-01
9.529530e-01		8.760094e-01		7.716531e-01		6.021037e-01
9.549550e-01		8.749453e-01		7.697782e-01		5.990668e-01
9.569570e-01		8.746594e-01		7.692956e-01		5.983376e-01
9.589590e-01		8.748539e-01		7.695964e-01		5.987615e-01
9.609610e-01		8.751914e-01		7.702746e-01		6.001169e-01
9.629630e-01		8.751915e-01		7.702276e-01		5.998037e-01
9.649650e-01		8.748845e-01		7.696926e-01		5.989662e-01
9.669670e-01		8.753461e-01		7.704318e-01		6.001284e-01
9.689690e-01		8.745094e-01		7.689874e-01		5.977730e-01
9.709710e-01		8.751445e-01		7.700940e-01		5.995893e-01
9.729730e-01		8.755359e-01		7.707931e-01		6.006698e-01
9.749750e-01		8.750719e-01		7.698885e-01		5.990851e-01
9.769770e-01		8.747860e-01		7.694249e-01		5.984578e-01
9.789790e-01		8.754048e-01		7.705560e-01		6.003710e-01
9.809810e-01		8.749757e-01		7.697708e-01		5.989831e-01
9.829830e-01		8.745024e-01		7.689436e-01		5.976772e-01
9.849850e-01		8.750531e-01		7.698597e-01		5.991248e-01
9.869870e-01		8.760116e-01		7.715881e-01		6.019652e-01
9.889890e-01		8.752571e-01		7.701794e-01		5.995556e-01
9.909910e-01		8.751070e-01		7.699703e-01		5.993042e-01
9.929930e-01		8.751469e-01		7.699867e-01		5.992781e-01
9.949950e-01		8.758594e-01		7.712415e-01		6.012613e-01
9.969970e-01		8.742093e-01		7.684320e-01		5.969268e-01
9.989990e-01		8.755594e-01		7.706705e-01		6.002994e-01
1.001001e+00		8.746617e-01		7.691546e-01		5.979188e-01
1.003003e+00		8.752852e-01		7.701820e-01		5.994447e-01
1.005005e+00		8.746078e-01		7.690207e-01		5.976746e-01
1.007007e+00		8.746289e-01		7.690056e-01		5.976002e-01
1.009009e+00		8.753906e-01		7.703842e-01		5.998698e-01
1.011011e+00		8.752501e-01		7.701567e-01		5.995289e-01
1.013013e+00		8.747087e-01		7.692530e-01		5.979895e-01
1.015015e+00		8.747718e-01		7.692850e-01		5.980652e-01
1.017017e+00		8.746852e-01		7.691342e-01		5.978603e-01
1.019019e+00		8.756110e-01		7.707174e-01		6.001738e-01
1.021021e+00		8.758219e-01		7.711326e-01		6.010415e-01
1.023023e+00		8.759671e-01		7.713887e-01		6.013382e-01
1.025025e+00		8.749969e-01		7.696063e-01		5.983908e-01
1.027027e+00		8.753391e-01		7.702329e-01		5.994536e-01
1.029029e+00		8.742961e-01		7.684648e-01		5.967444e-01
1.031031e+00		8.748539e-01		7.693641e-01		5.980691e-01
1.033033e+00		8.752617e-01		7.701414e-01		5.994387e-01
1.035035e+00		8.754304e-01		7.703885e-01		5.997267e-01
1.037037e+00		8.746781e-01		7.690184e-01		5.975634e-01
1.039039e+00		8.751773e-01		7.699864e-01		5.990771e-01
1.041041e+00		8.747977e-01		7.692783e-01		5.980570e-01
1.043043e+00		8.750555e-01		7.696784e-01		5.984658e-01
1.045045e+00		8.755477e-01		7.706017e-01		6.000517e-01
1.047047e+00		8.749383e-01		7.694754e-01		5.980944e-01
1.049049e+00		8.752899e-01		7.701004e-01		5.992602e-01
1.051051e+00		8.746031e-01		7.689020e-01		5.973140e-01
1.053053e+00		8.752524e-01		7.699715e-01		5.990128e-01
1.055055e+00		8.754422e-01		7.702909e-01		5.993252e-01
1.057057e+00		8.752546e-01		7.700955e-01		5.993062e-01
1.059059e+00		8.755828e-01		7.706153e-01		5.999710e-01
1.061061e+00		8.751773e-01		7.698463e-01		5.986594e-01
1.063063e+00		8.752829e-01		7.699983e-01		5.989036e-01
1.065065e+00		8.745587e-01		7.687845e-01		5.970521e-01
1.067067e+00		8.751000e-01		7.696854e-01		5.984446e-01
1.069069e+00		8.752594e-01		7.700571e-01		5.991774e-01
1.071071e+00		8.746383e-01		7.688959e-01		5.971969e-01
1.073073e+00		8.750297e-01		7.694991e-01		5.980909e-01
1.075075e+00		8.752664e-01		7.699171e-01		5.987558e-01
1.077077e+00		8.758171e-01		7.708797e-01		6.001527e-01
1.079079e+00		8.741508e-01		7.679242e-01		5.955213e-01
1.081081e+00		8.753554e-01		7.700964e-01		5.989330e-01
1.083083e+00		8.754023e-01		7.701351e-01		5.990068e-01
1.085085e+00		8.750789e-01		7.695616e-01		5.980528e-01
1.087087e+00		8.756883e-01		7.707086e-01		6.001131e-01
1.089089e+00		8.749875e-01		7.693639e-01		5.976836e-01
1.091091e+00		8.750883e-01		7.696196e-01		5.983334e-01
1.093093e+00		8.753602e-01		7.701413e-01		5.991406e-01
1.095095e+00		8.756860e-01		7.706581e-01		5.998467e-01
1.097097e+00		8.750320e-01		7.695812e-01		5.982831e-01
1.099099e+00		8.749078e-01		7.693026e-01		5.977580e-01
1.101101e+00		8.744204e-01		7.683945e-01		5.962682e-01
1.103103e+00		8.747461e-01		7.689252e-01		5.969800e-01
1.105105e+00		8.755828e-01		7.703431e-01		5.992075e-01
1.107107e+00		8.743406e-01		7.682749e-01		5.960401e-01
1.109109e+00		8.751281e-01		7.695544e-01		5.979237e-01
1.111111e+00		8.743055e-01		7.681641e-01		5.957453e-01
1.113113e+00		8.751914e-01		7.696719e-01		5.981551e-01
1.115115e+00		8.751257e-01		7.696330e-01		5.980514e-01
1.117117e+00		8.754725e-01		7.702899e-01		5.993044e-01
1.119119e+00		8.742750e-01		7.681324e-01		5.958069e-01
1.121121e+00		8.754024e-01		7.701028e-01		5.989216e-01
1.123123e+00		8.744507e-01		7.683980e-01		5.962068e-01
1.125125e+00		8.751938e-01		7.696939e-01		5.983011e-01
1.127127e+00		8.755101e-01		7.702912e-01		5.991875e-01
1.129129e+00		8.749641e-01		7.692523e-01		5.974205e-01
1.131131e+00		8.749687e-01		7.692766e-01		5.975520e-01
1.133133e+00		8.751141e-01		7.695412e-01		5.980649e-01
1.135135e+00		8.757680e-01		7.707171e-01		5.998674e-01
1.137137e+00		8.754797e-01		7.701551e-01		5.989014e-01
1.139139e+00		8.748140e-01		7.689842e-01		5.968866e-01
1.141141e+00		8.751070e-01		7.695155e-01		5.979459e-01
1.143143e+00		8.749102e-01		7.691899e-01		5.974793e-01
1.145145e+00		8.753109e-01		7.698306e-01		5.983804e-01
1.147147e+00		8.751821e-01		7.695957e-01		5.980116e-01
1.149149e+00		8.751047e-01		7.694888e-01		5.977819e-01
1.151151e+00		8.747789e-01		7.689150e-01		5.969142e-01
1.153153e+00		8.743406e-01		7.680988e-01		5.955301e-01
1.155155e+00		8.747906e-01		7.688827e-01		5.967158e-01
1.157157e+00		8.759273e-01		7.709374e-01		6.001934e-01
1.159159e+00		8.753414e-01		7.698665e-01		5.983925e-01
1.161161e+00		8.752851e-01		7.698234e-01		5.983402e-01
1.163163e+00		8.750343e-01		7.693839e-01		5.977019e-01
1.165165e+00		8.750344e-01		7.693662e-01		5.975793e-01
1.167167e+00		8.749289e-01		7.691328e-01		5.972782e-01
1.169169e+00		8.746899e-01		7.686847e-01		5.964222e-01
1.171171e+00		8.743501e-01		7.680904e-01		5.955713e-01
1.173173e+00		8.747671e-01		7.688161e-01		5.965883e-01
1.175175e+00		8.753343e-01		7.697299e-01		5.979393e-01
1.177177e+00		8.747321e-01		7.687828e-01		5.966880e-01
1.179179e+00		8.749548e-01		7.691898e-01		5.973302e-01
1.181181e+00		8.744977e-01		7.683878e-01		5.960164e-01
1.183183e+00		8.754470e-01		7.699805e-01		5.984589e-01
1.185185e+00		8.753532e-01		7.698741e-01		5.983056e-01
1.187187e+00		8.757891e-01		7.705786e-01		5.993711e-01
1.189189e+00		8.744414e-01		7.682810e-01		5.960087e-01
1.191191e+00		8.752172e-01		7.696560e-01		5.980655e-01
1.193193e+00		8.755687e-01		7.701871e-01		5.986346e-01
1.195195e+00		8.755594e-01		7.702015e-01		5.988319e-01
1.197197e+00		8.747485e-01		7.687930e-01		5.965876e-01
1.199199e+00		8.747484e-01		7.687189e-01		5.963461e-01
1.201201e+00		8.752336e-01		7.695893e-01		5.977567e-01
1.203203e+00		8.742562e-01		7.679286e-01		5.952867e-01
1.205205e+00		8.749571e-01		7.690651e-01		5.968196e-01
1.207207e+00		8.753930e-01		7.698261e-01		5.981735e-01
1.209209e+00		8.750133e-01		7.691895e-01		5.970857e-01
1.211211e+00		8.749571e-01		7.690922e-01		5.969563e-01
1.213213e+00		8.750203e-01		7.691348e-01		5.969146e-01
1.215215e+00		8.743359e-01		7.679594e-01		5.951297e-01
1.217217e+00		8.746782e-01		7.685987e-01		5.962047e-01
1.219219e+00		8.751797e-01		7.694663e-01		5.975201e-01
1.221221e+00		8.749406e-01		7.690624e-01		5.969247e-01
1.223223e+00		8.755851e-01		7.702329e-01		5.988428e-01
1.225225e+00		8.753062e-01		7.697256e-01		5.980135e-01
1.227227e+00		8.752055e-01		7.695193e-01		5.976262e-01
1.229229e+00		8.747297e-01		7.686022e-01		5.960859e-01
1.231231e+00		8.753461e-01		7.697175e-01		5.978028e-01
1.233233e+00		8.756859e-01		7.702949e-01		5.987785e-01
1.235235e+00		8.743079e-01		7.679503e-01		5.951701e-01
1.237237e+00		8.762484e-01		7.713182e-01		6.005064e-01
1.239239e+00		8.749500e-01		7.690856e-01		5.969860e-01
1.241241e+00		8.755711e-01		7.700742e-01		5.984913e-01
1.243243e+00		8.742492e-01		7.678110e-01		5.949797e-01
1.245245e+00		8.751259e-01		7.693892e-01		5.975111e-01
1.247247e+00		8.760469e-01		7.709347e-01		5.997703e-01
1.249249e+00		8.760212e-01		7.709186e-01		5.998089e-01
1.251251e+00		8.748985e-01		7.689090e-01		5.966134e-01
1.253253e+00		8.754634e-01		7.699513e-01		5.983001e-01
1.255255e+00		8.757047e-01		7.702749e-01		5.986320e-01
1.257257e+00		8.751726e-01		7.693332e-01		5.970951e-01
1.259259e+00		8.750531e-01		7.692188e-01		5.971187e-01
1.261261e+00		8.751633e-01		7.693448e-01		5.972078e-01
1.263263e+00		8.751047e-01		7.693278e-01		5.973308e-01
1.265265e+00		8.742141e-01		7.676792e-01		5.946010e-01
1.267267e+00		8.751094e-01		7.692791e-01		5.972490e-01
1.269269e+00		8.745867e-01		7.683341e-01		5.957085e-01
1.271271e+00		8.753953e-01		7.697130e-01		5.976910e-01
1.273273e+00		8.749031e-01		7.689007e-01		5.965016e-01
1.275275e+00		8.750578e-01		7.692172e-01		5.970771e-01
1.277277e+00		8.747648e-01		7.686647e-01		5.961986e-01
1.279279e+00		8.752944e-01		7.695060e-01		5.973441e-01
1.281281e+00		8.751914e-01		7.693912e-01		5.972818e-01
1.283283e+00		8.751914e-01		7.693801e-01		5.972950e-01
1.285285e+00		8.749453e-01		7.689486e-01		5.966332e-01
1.287287e+00		8.748352e-01		7.687796e-01		5.962753e-01
1.289289e+00		8.752289e-01		7.694127e-01		5.972685e-01
1.291291e+00		8.758828e-01		7.705409e-01		5.990274e-01
1.293293e+00		8.748047e-01		7.686536e-01		5.960170e-01
1.295295e+00		8.759109e-01		7.706382e-01		5.991836e-01
1.297297e+00		8.744204e-01		7.680051e-01		5.949733e-01
1.299299e+00		8.753414e-01		7.696018e-01		5.975489e-01
1.301301e+00		8.741133e-01		7.674221e-01		5.940190e-01
1.303303e+00		8.752149e-01		7.693825e-01		5.972366e-01
1.305305e+00		8.753226e-01		7.695829e-01		5.975298e-01
1.307307e+00		8.755172e-01		7.699161e-01		5.979620e-01
1.309309e+00		8.751938e-01		7.694143e-01		5.973508e-01
1.311311e+00		8.741578e-01		7.675640e-01		5.943252e-01
1.313313e+00		8.748516e-01		7.686819e-01		5.959975e-01
1.315315e+00		8.749195e-01		7.687971e-01		5.962487e-01
1.317317e+00		8.756133e-01		7.700411e-01		5.981956e-01
1.319319e+00		8.757493e-01		7.702637e-01		5.984454e-01
1.321321e+00		8.758828e-01		7.705186e-01		5.990001e-01
1.323323e+00		8.746078e-01		7.682683e-01		5.953376e-01
1.325325e+00		8.748751e-01		7.686876e-01		5.959614e-01
1.327327e+00		8.743829e-01		7.679366e-01		5.949639e-01
1.329329e+00		8.748468e-01		7.686334e-01		5.957892e-01
1.331331e+00		8.749429e-01		7.688448e-01		5.963123e-01
1.333333e+00		8.752265e-01		7.694067e-01		5.972014e-01
1.335335e+00		8.753227e-01		7.695716e-01		5.974340e-01
1.337337e+00		8.749312e-01		7.687929e-01		5.960741e-01
1.339339e+00		8.747343e-01		7.685393e-01		5.957750e-01
1.341341e+00		8.755336e-01		7.698271e-01		5.976786e-01
1.343343e+00		8.747837e-01		7.686223e-01		5.959574e-01
1.345345e+00		8.751210e-01		7.691745e-01		5.967482e-01
1.347347e+00		8.748469e-01		7.686561e-01		5.959426e-01
1.349349e+00		8.748352e-01		7.686361e-01		5.958345e-01
1.351351e+00		8.748398e-01		7.686278e-01		5.959253e-01
1.353353e+00		8.755383e-01		7.699111e-01		5.980089e-01
1.355355e+00		8.751985e-01		7.692744e-01		5.969713e-01
1.357357e+00		8.743524e-01		7.678439e-01		5.947713e-01
1.359359e+00		8.753507e-01		7.695038e-01		5.972688e-01
1.361361e+00		8.748165e-01		7.685213e-01		5.956135e-01
1.363363e+00		8.747813e-01		7.685648e-01		5.958043e-01
1.365365e+00		8.751235e-01		7.690488e-01		5.964014e-01
1.367367e+00		8.756648e-01		7.700920e-01		5.982235e-01
1.369369e+00		8.749500e-01		7.688476e-01		5.962382e-01
1.371371e+00		8.758852e-01		7.704528e-01		5.986742e-01
1.373373e+00		8.746524e-01		7.683284e-01		5.954401e-01
1.375375e+00		8.751422e-01		7.691333e-01		5.966303e-01
1.377377e+00		8.748961e-01		7.687208e-01		5.960605e-01
1.379379e+00		8.745257e-01		7.679676e-01		5.946688e-01
1.381381e+00		8.758828e-01		7.703708e-01		5.984366e-01
1.383383e+00		8.746969e-01		7.682650e-01		5.951147e-01
1.385385e+00		8.748047e-01		7.685383e-01		5.956584e-01
1.387387e+00		8.754445e-01		7.696251e-01		5.973234e-01
1.389389e+00		8.753953e-01		7.695200e-01		5.972389e-01
1.391391e+00		8.748352e-01		7.686130e-01		5.958713e-01
1.393393e+00		8.752290e-01		7.692756e-01		5.968979e-01
1.395395e+00		8.747813e-01		7.684287e-01		5.954185e-01
1.397397e+00		8.750625e-01		7.690028e-01		5.964537e-01
1.399399e+00		8.755571e-01		7.698559e-01		5.977141e-01
1.401401e+00		8.747672e-01		7.684895e-01		5.955978e-01
1.403403e+00		8.751000e-01		7.690188e-01		5.964264e-01
1.405405e+00		8.747181e-01		7.683662e-01		5.953335e-01
1.407407e+00		8.748469e-01		7.685511e-01		5.957188e-01
1.409409e+00		8.751468e-01		7.691079e-01		5.965864e-01
1.411411e+00		8.749475e-01		7.687475e-01		5.959431e-01
1.413413e+00		8.748375e-01		7.685372e-01		5.956027e-01
1.415415e+00		8.750157e-01		7.688941e-01		5.961687e-01
1.417417e+00		8.750320e-01		7.689052e-01		5.961601e-01
1.419419e+00		8.742117e-01		7.674887e-01		5.940024e-01
1.421421e+00		8.749219e-01		7.686601e-01		5.957874e-01
1.423423e+00		8.756297e-01		7.699865e-01		5.980014e-01
1.425425e+00		8.751844e-01		7.691656e-01		5.965936e-01
1.427427e+00		8.756813e-01		7.700291e-01		5.978961e-01
1.429429e+00		8.755054e-01		7.697294e-01		5.975210e-01
1.431431e+00		8.753087e-01		7.693807e-01		5.969990e-01
1.433433e+00		8.749969e-01		7.688332e-01		5.960837e-01
1.435435e+00		8.745750e-01		7.680437e-01		5.947849e-01
1.437437e+00		8.752008e-01		7.691468e-01		5.964428e-01
1.439439e+00		8.756086e-01		7.698552e-01		5.976192e-01
1.441441e+00		8.750507e-01		7.688503e-01		5.959430e-01
1.443443e+00		8.747438e-01		7.683918e-01		5.953989e-01
1.445445e+00		8.751937e-01		7.691043e-01		5.963956e-01
1.447447e+00		8.741906e-01		7.674032e-01		5.937885e-01
1.449449e+00		8.755007e-01		7.696169e-01		5.971447e-01
1.451451e+00		8.750695e-01		7.688940e-01		5.960568e-01
1.453453e+00		8.751399e-01		7.690504e-01		5.963438e-01
1.455455e+00		8.745492e-01		7.679674e-01		5.946408e-01
1.457457e+00		8.755804e-01		7.698378e-01		5.976347e-01
1.459459e+00		8.759508e-01		7.704246e-01		5.985055e-01
1.461461e+00		8.757398e-01		7.701162e-01		5.979961e-01
1.463463e+00		8.750063e-01		7.687796e-01		5.959065e-01
1.465465e+00		8.756157e-01		7.698337e-01		5.975139e-01
1.467467e+00		8.751797e-01		7.690723e-01		5.963638e-01
1.469469e+00		8.748234e-01		7.685190e-01		5.955923e-01
1.471471e+00		8.749477e-01		7.686473e-01		5.956323e-01
1.473473e+00		8.751680e-01		7.690398e-01		5.962307e-01
1.475475e+00		8.748469e-01		7.684942e-01		5.954392e-01
1.477477e+00		8.756719e-01		7.699775e-01		5.978111e-01
1.479479e+00		8.746663e-01		7.681719e-01		5.948760e-01
1.481481e+00		8.757187e-01		7.700182e-01		5.977887e-01
1.483483e+00		8.754188e-01		7.694644e-01		5.969940e-01
1.485485e+00		8.754047e-01		7.694550e-01		5.969331e-01
1.487487e+00		8.757351e-01		7.700443e-01		5.978136e-01
1.489489e+00		8.753860e-01		7.694472e-01		5.969510e-01
1.491491e+00		8.746571e-01		7.681482e-01		5.948732e-01
1.493493e+00		8.751000e-01		7.689113e-01		5.960251e-01
1.495495e+00		8.747062e-01		7.681870e-01		5.948626e-01
1.497497e+00		8.748750e-01		7.684905e-01		5.953206e-01
1.499499e+00		8.749055e-01		7.685755e-01		5.955394e-01
1.501502e+00		8.753649e-01		7.693656e-01		5.968316e-01
1.503504e+00		8.753484e-01		7.693938e-01		5.968973e-01
1.505506e+00		8.750367e-01		7.688054e-01		5.959194e-01
1.507508e+00		8.747367e-01		7.683208e-01		5.951951e-01
1.509510e+00		8.748188e-01		7.684621e-01		5.953759e-01
1.511512e+00		8.754750e-01		7.695504e-01		5.970312e-01
1.513514e+00		8.755899e-01		7.697329e-01		5.973187e-01
1.515516e+00		8.756063e-01		7.698200e-01		5.974874e-01
1.517518e+00		8.743500e-01		7.675615e-01		5.938706e-01
1.519520e+00		8.758078e-01		7.701715e-01		5.980866e-01
1.521522e+00		8.756531e-01		7.698395e-01		5.974115e-01
1.523524e+00		8.750601e-01		7.688161e-01		5.958509e-01
1.525526e+00		8.739024e-01		7.667830e-01		5.926628e-01
1.527528e+00		8.753321e-01		7.692798e-01		5.965344e-01
1.529530e+00		8.751422e-01		7.689464e-01		5.960018e-01
1.531532e+00		8.755430e-01		7.696607e-01		5.972542e-01
1.533534e+00		8.747929e-01		7.683224e-01		5.951688e-01
1.535536e+00		8.750321e-01		7.687300e-01		5.956512e-01
1.537538e+00		8.746781e-01		7.681149e-01		5.947336e-01
1.539540e+00		8.753531e-01		7.692862e-01		5.965413e-01
1.541542e+00		8.758078e-01		7.701339e-01		5.979342e-01
1.543544e+00		8.753016e-01		7.692253e-01		5.963890e-01
1.545546e+00		8.755595e-01		7.696361e-01		5.971257e-01
1.547548e+00		8.750016e-01		7.686630e-01		5.955926e-01
1.549550e+00		8.752500e-01		7.691706e-01		5.964842e-01
1.551552e+00		8.745844e-01		7.679621e-01		5.946054e-01
1.553554e+00		8.750859e-01		7.688700e-01		5.960006e-01
1.555556e+00		8.756718e-01		7.698167e-01		5.974196e-01
1.557558e+00		8.752079e-01		7.690276e-01		5.961037e-01
1.559560e+00		8.753859e-01		7.693496e-01		5.966243e-01
1.561562e+00		8.758546e-01		7.701438e-01		5.978285e-01
1.563564e+00		8.751281e-01		7.689474e-01		5.960427e-01
1.565566e+00		8.757165e-01		7.699492e-01		5.976175e-01
1.567568e+00		8.755148e-01		7.695347e-01		5.968457e-01
1.569570e+00		8.742422e-01		7.673522e-01		5.935045e-01
1.571572e+00		8.752735e-01		7.691478e-01		5.963400e-01
1.573574e+00		8.755570e-01		7.696909e-01		5.971968e-01
1.575576e+00		8.751282e-01		7.688908e-01		5.959426e-01
1.577578e+00		8.749992e-01		7.686648e-01		5.956456e-01
1.579580e+00		8.747438e-01		7.681745e-01		5.947585e-01
1.581582e+00		8.752711e-01		7.690485e-01		5.960595e-01
1.583584e+00		8.748094e-01		7.683028e-01		5.949759e-01
1.585586e+00		8.749031e-01		7.684379e-01		5.951104e-01
1.587588e+00		8.753859e-01		7.693500e-01		5.966261e-01
1.589590e+00		8.752031e-01		7.689417e-01		5.958620e-01
1.591592e+00		8.753554e-01		7.692086e-01		5.963110e-01
1.593594e+00		8.752547e-01		7.690508e-01		5.960328e-01
1.595596e+00		8.749359e-01		7.685275e-01		5.952697e-01
1.597598e+00		8.747813e-01		7.682539e-01		5.948568e-01
1.599600e+00		8.760751e-01		7.705487e-01		5.985062e-01
1.601602e+00		8.749875e-01		7.686296e-01		5.955288e-01
1.603604e+00		8.750860e-01		7.687565e-01		5.956194e-01
1.605606e+00		8.755219e-01		7.695388e-01		5.968590e-01
1.607608e+00		8.752687e-01		7.690438e-01		5.958911e-01
1.609610e+00		8.752477e-01		7.690692e-01		5.961099e-01
1.611612e+00		8.749265e-01		7.685426e-01		5.953237e-01
1.613614e+00		8.745235e-01		7.677764e-01		5.941415e-01
1.615616e+00		8.751422e-01		7.688338e-01		5.956608e-01
1.617618e+00		8.747039e-01		7.681013e-01		5.946010e-01
1.619620e+00		8.757751e-01		7.699921e-01		5.976538e-01
1.621622e+00		8.747601e-01		7.682377e-01		5.949279e-01
1.623624e+00		8.747391e-01		7.681360e-01		5.946132e-01
1.625626e+00		8.754000e-01		7.693430e-01		5.965493e-01
1.627628e+00		8.759133e-01		7.702185e-01		5.979956e-01
1.629630e+00		8.751023e-01		7.687053e-01		5.954835e-01
1.631632e+00		8.748703e-01		7.683598e-01		5.949976e-01
1.633634e+00		8.754961e-01		7.694696e-01		5.967183e-01
1.635636e+00		8.750952e-01		7.687439e-01		5.955371e-01
1.637638e+00		8.750438e-01		7.686346e-01		5.953933e-01
1.639640e+00		8.752687e-01		7.690524e-01		5.960932e-01
1.641642e+00		8.747344e-01		7.681658e-01		5.946700e-01
1.643644e+00		8.747226e-01		7.680907e-01		5.946058e-01
1.645646e+00		8.742210e-01		7.672574e-01		5.932796e-01
1.647648e+00		8.756836e-01		7.698267e-01		5.973102e-01
1.649650e+00		8.743265e-01		7.673564e-01		5.932771e-01
1.651652e+00		8.749594e-01		7.685336e-01		5.952629e-01
1.653654e+00		8.755641e-01		7.695090e-01		5.966617e-01
1.655656e+00		8.757352e-01		7.698416e-01		5.972879e-01
1.657658e+00		8.756087e-01		7.696500e-01		5.970704e-01
1.659660e+00		8.751235e-01		7.687754e-01		5.955215e-01
1.661662e+00		8.753555e-01		7.691966e-01		5.962447e-01
1.663664e+00		8.754258e-01		7.693364e-01		5.964940e-01
1.665666e+00		8.757398e-01		7.698943e-01		5.973738e-01
1.667668e+00		8.753531e-01		7.691647e-01		5.961076e-01
1.669670e+00		8.751024e-01		7.687591e-01		5.955353e-01
1.671672e+00		8.750532e-01		7.686762e-01		5.954672e-01
1.673674e+00		8.755265e-01		7.695041e-01		5.967641e-01
1.675676e+00		8.748773e-01		7.683827e-01		5.950461e-01
1.677678e+00		8.758336e-01		7.699965e-01		5.974117e-01
1.679680e+00		8.747110e-01		7.680623e-01		5.944464e-01
1.681682e+00		8.743546e-01		7.674428e-01		5.935766e-01
1.683684e+00		8.752008e-01		7.688978e-01		5.957517e-01
1.685686e+00		8.758688e-01		7.700602e-01		5.974943e-01
1.687688e+00		8.742422e-01		7.672319e-01		5.931425e-01
1.689690e+00		8.754117e-01		7.692431e-01		5.962355e-01
1.691692e+00		8.746476e-01		7.678936e-01		5.941787e-01
1.693694e+00		8.750109e-01		7.685509e-01		5.952287e-01
1.695696e+00		8.749078e-01		7.683863e-01		5.949690e-01
1.697698e+00		8.754726e-01		7.694074e-01		5.965597e-01
1.699700e+00		8.740476e-01		7.668922e-01		5.926367e-01
1.701702e+00		8.751234e-01		7.687743e-01		5.955856e-01
1.703704e+00		8.749992e-01		7.685563e-01		5.952389e-01
1.705706e+00		8.753625e-01		7.691312e-01		5.959946e-01
1.707708e+00		8.752968e-01		7.690056e-01		5.958930e-01
1.709710e+00		8.752335e-01		7.689444e-01		5.957936e-01
1.711712e+00		8.751211e-01		7.687101e-01		5.953580e-01
1.713714e+00		8.746196e-01		7.678500e-01		5.940431e-01
1.715716e+00		8.742328e-01		7.672412e-01		5.932304e-01
1.717718e+00		8.755593e-01		7.695580e-01		5.968926e-01
1.719720e+00		8.749805e-01		7.685220e-01		5.951380e-01
1.721722e+00		8.758008e-01		7.699584e-01		5.974380e-01
1.723724e+00		8.758312e-01		7.700008e-01		5.974527e-01
1.725726e+00		8.751351e-01		7.687797e-01		5.955163e-01
1.727728e+00		8.741532e-01		7.670361e-01		5.927239e-01
1.729730e+00		8.739539e-01		7.666792e-01		5.921957e-01
1.731732e+00		8.751844e-01		7.687909e-01		5.954527e-01
1.733734e+00		8.761078e-01		7.704038e-01		5.980124e-01
1.735736e+00		8.756133e-01		7.696159e-01		5.969215e-01
1.737738e+00		8.753461e-01		7.691257e-01		5.960768e-01
1.739740e+00		8.749524e-01		7.684525e-01		5.950689e-01
1.741742e+00		8.756437e-01		7.696169e-01		5.967655e-01
1.743744e+00		8.748516e-01		7.681837e-01		5.945329e-01
1.745746e+00		8.753883e-01		7.691483e-01		5.960400e-01
1.747748e+00		8.750414e-01		7.685711e-01		5.951274e-01
1.749750e+00		8.749102e-01		7.683801e-01		5.949250e-01
1.751752e+00		8.748492e-01		7.682444e-01		5.947452e-01
1.753754e+00		8.754961e-01		7.693403e-01		5.963335e-01
1.755756e+00		8.748304e-01		7.681794e-01		5.945370e-01
1.757758e+00		8.748891e-01		7.682765e-01		5.946094e-01
1.759760e+00		8.748680e-01		7.682838e-01		5.947681e-01
1.761762e+00		8.749945e-01		7.685085e-01		5.951019e-01
1.763764e+00		8.743946e-01		7.674444e-01		5.934126e-01
1.765766e+00		8.752313e-01		7.689043e-01		5.956503e-01
1.767768e+00		8.751351e-01		7.687290e-01		5.953390e-01
1.769770e+00		8.751282e-01		7.687063e-01		5.953599e-01
1.771772e+00		8.754657e-01		7.692865e-01		5.962265e-01
1.773774e+00		8.753978e-01		7.691876e-01		5.961103e-01
1.775776e+00		8.746195e-01		7.678326e-01		5.939949e-01
1.777778e+00		8.748562e-01		7.682382e-01		5.945820e-01
1.779780e+00		8.754797e-01		7.692991e-01		5.962849e-01
1.781782e+00		8.754189e-01		7.692104e-01		5.960545e-01
1.783784e+00		8.751680e-01		7.687590e-01		5.953477e-01
1.785786e+00		8.745868e-01		7.678005e-01		5.940482e-01
1.787788e+00		8.755758e-01		7.695001e-01		5.965689e-01
1.789790e+00		8.756086e-01		7.695842e-01		5.967975e-01
1.791792e+00		8.752242e-01		7.689234e-01		5.958684e-01
1.793794e+00		8.755805e-01		7.694633e-01		5.965255e-01
1.795796e+00		8.745797e-01		7.677119e-01		5.937780e-01
1.797798e+00		8.750367e-01		7.685508e-01		5.950851e-01
1.799800e+00		8.749406e-01		7.683906e-01		5.948931e-01
1.801802e+00		8.746546e-01		7.678608e-01		5.940240e-01
1.803804e+00		8.748188e-01		7.681247e-01		5.943548e-01
1.805806e+00		8.754375e-01		7.691942e-01		5.959863e-01
1.807808e+00		8.751234e-01		7.686392e-01		5.951576e-01
1.809810e+00		8.756930e-01		7.697207e-01		5.970400e-01
1.811812e+00		8.752359e-01		7.688645e-01		5.955474e-01
1.813814e+00		8.755898e-01		7.694684e-01		5.964947e-01
1.815816e+00		8.753391e-01		7.691135e-01		5.961129e-01
1.817818e+00		8.746687e-01		7.679263e-01		5.941971e-01
1.819820e+00		8.744134e-01		7.674276e-01		5.933514e-01
1.821822e+00		8.753883e-01		7.691792e-01		5.961880e-01
1.823824e+00		8.748634e-01		7.682394e-01		5.946589e-01
1.825826e+00		8.758523e-01		7.699107e-01		5.971462e-01
1.827828e+00		8.756484e-01		7.696001e-01		5.967247e-01
1.829830e+00		8.754422e-01		7.692516e-01		5.961814e-01
1.831832e+00		8.747718e-01		7.680049e-01		5.941120e-01
1.833834e+00		8.742376e-01		7.670809e-01		5.927196e-01
1.835836e+00		8.752523e-01		7.688430e-01		5.953912e-01
1.837838e+00		8.745328e-01		7.676432e-01		5.936562e-01
1.839840e+00		8.758640e-01		7.699601e-01		5.971832e-01
1.841842e+00		8.756132e-01		7.694883e-01		5.964475e-01
1.843844e+00		8.749851e-01		7.684232e-01		5.948758e-01
1.845846e+00		8.752242e-01		7.688831e-01		5.956404e-01
1.847848e+00		8.747297e-01		7.679994e-01		5.942726e-01
1.849850e+00		8.756648e-01		7.695961e-01		5.966983e-01
1.851852e+00		8.755055e-01		7.692981e-01		5.961637e-01
1.853854e+00		8.756109e-01		7.695539e-01		5.967182e-01
1.855856e+00		8.754282e-01		7.692072e-01		5.960743e-01
1.857858e+00		8.743219e-01		7.672323e-01		5.929788e-01
1.859860e+00		8.749547e-01		7.682881e-01		5.945519e-01
1.861862e+00		8.750344e-01		7.685249e-01		5.950586e-01
1.863864e+00		8.758078e-01		7.698664e-01		5.971531e-01
1.865866e+00		8.747743e-01		7.680410e-01		5.942270e-01
1.867868e+00		8.746923e-01		7.679048e-01		5.940401e-01
1.869870e+00		8.741859e-01		7.669602e-01		5.924703e-01
1.871872e+00		8.756718e-01		7.696007e-01		5.966501e-01
1.873874e+00		8.755195e-01		7.693391e-01		5.962811e-01
1.875876e+00		8.755031e-01		7.693199e-01		5.962194e-01
1.877878e+00		8.747507e-01		7.679810e-01		5.940496e-01
1.879880e+00		8.755265e-01		7.693208e-01		5.962408e-01
1.881882e+00		8.744602e-01		7.675051e-01		5.934256e-01
1.883884e+00		8.756743e-01		7.695534e-01		5.964281e-01
1.885886e+00		8.751094e-01		7.686279e-01		5.951187e-01
1.887888e+00		8.755031e-01		7.693161e-01		5.962084e-01
1.889890e+00		8.748985e-01		7.682212e-01		5.944115e-01
1.891892e+00		8.750672e-01		7.685453e-01		5.950206e-01
1.893894e+00		8.749148e-01		7.682640e-01		5.945697e-01
1.895896e+00		8.748094e-01		7.680823e-01		5.942843e-01
1.897898e+00		8.747321e-01		7.678964e-01		5.939230e-01
1.899900e+00		8.757094e-01		7.696681e-01		5.967289e-01
1.901902e+00		8.760048e-01		7.701451e-01		5.974754e-01
1.903904e+00		8.752055e-01		7.687637e-01		5.953480e-01
1.905906e+00		8.746734e-01		7.678452e-01		5.939067e-01
1.907908e+00		8.749430e-01		7.682619e-01		5.945446e-01
1.909910e+00		8.754563e-01		7.691775e-01		5.959450e-01
1.911912e+00		8.750133e-01		7.684620e-01		5.948843e-01
1.913914e+00		8.747625e-01		7.680093e-01		5.941962e-01
1.915916e+00		8.755242e-01		7.693541e-01		5.962395e-01
1.917918e+00		8.748516e-01		7.681103e-01		5.942816e-01
1.919920e+00		8.746312e-01		7.677461e-01		5.936899e-01
1.921922e+00		8.752617e-01		7.688478e-01		5.954181e-01
1.923924e+00		8.752149e-01		7.687803e-01		5.953470e-01
1.925926e+00		8.754890e-01		7.692360e-01		5.959998e-01
1.927928e+00		8.751070e-01		7.685540e-01		5.949028e-01
1.929930e+00		8.749266e-01		7.682826e-01		5.945642e-01
1.931932e+00		8.752828e-01		7.688845e-01		5.955280e-01
1.933934e+00		8.758781e-01		7.699828e-01		5.973118e-01
1.935936e+00		8.745023e-01		7.675393e-01		5.933659e-01
1.937938e+00		8.753156e-01		7.689427e-01		5.955927e-01
1.939940e+00		8.754774e-01		7.692285e-01		5.960332e-01
1.941942e+00		8.753251e-01		7.688842e-01		5.953895e-01
1.943944e+00		8.745539e-01		7.675920e-01		5.934692e-01
1.945946e+00		8.754329e-01		7.691315e-01		5.958861e-01
1.947948e+00		8.756859e-01		7.695730e-01		5.965887e-01
1.949950e+00		8.750228e-01		7.684267e-01		5.947600e-01
1.951952e+00		8.754469e-01		7.691376e-01		5.958105e-01
1.953954e+00		8.744696e-01		7.674357e-01		5.932040e-01
1.955956e+00		8.756438e-01		7.695134e-01		5.964547e-01
1.957958e+00		8.752781e-01		7.688709e-01		5.954165e-01
1.959960e+00		8.750132e-01		7.683855e-01		5.946693e-01
1.961962e+00		8.756835e-01		7.695559e-01		5.964799e-01
1.963964e+00		8.749688e-01		7.682833e-01		5.944716e-01
1.965966e+00		8.749875e-01		7.683506e-01		5.946727e-01
1.967968e+00		8.754913e-01		7.691870e-01		5.958879e-01
1.969970e+00		8.747649e-01		7.679511e-01		5.939649e-01
1.971972e+00		8.744836e-01		7.674180e-01		5.930667e-01
1.973974e+00		8.748188e-01		7.680520e-01		5.941641e-01
1.975976e+00		8.749758e-01		7.682916e-01		5.945043e-01
1.977978e+00		8.747156e-01		7.678396e-01		5.937753e-01
1.979980e+00		8.755031e-01		7.692319e-01		5.959605e-01
1.981982e+00		8.750437e-01		7.684108e-01		5.946699e-01
1.983984e+00		8.755688e-01		7.693275e-01		5.960640e-01
1.985986e+00		8.750461e-01		7.684257e-01		5.947195e-01
1.987988e+00		8.756532e-01		7.695206e-01		5.963922e-01
1.989990e+00		8.751163e-01		7.685722e-01		5.949290e-01
1.991992e+00		8.745211e-01		7.674984e-01		5.932316e-01
1.993994e+00		8.753063e-01		7.688958e-01		5.954183e-01
1.995996e+00		8.743617e-01		7.671750e-01		5.927073e-01
1.997998e+00		8.754984e-01		7.691022e-01		5.955892e-01
2.000000e+00		8.745914e-01		7.676211e-01		5.934704e-01
